{
 "cells": [
  {
   "cell_type": "code",
   "execution_count": null,
   "metadata": {},
   "outputs": [],
   "source": [
    "import pandas as pd\n",
    "import numpy as np\n",
    "import plotly.express as px\n",
    "import os\n",
    "\n",
    "own_path = os.getcwd()\n",
    "#own_path = 'MAKai'\n",
    "\n",
    "# get all sheet names\n",
    "sheet_names = pd.ExcelFile(own_path+'\\MasterarbeitenDatenAlleV2.xlsx').sheet_names\n",
    "\n",
    "color_palette = {1: 'rgb(248, 246, 245)', 2: 'rgb(228, 227, 221)', 3: 'rgb(77, 75, 70)', 4: 'rgb(134, 0, 71)', 5: 'rgb(179, 6, 44)', 6: 'rgb(277, 186, 15)', 7: 'rgb(115, 124, 69)',\n",
    "                 8: 'rgb(0, 97, 143)', 9: 'rgb(173, 59, 118)', 10: 'rgb(201, 98, 21)', 11: 'rgb(247, 217, 38)', 12: 'rgb(165, 171, 82)', 13: 'rgb(72, 169, 218)'}\n",
    "\n",
    "\n",
    "dfs = []\n",
    "for sheet_name in sheet_names:\n",
    "    if sheet_name == 'Codierung':\n",
    "        codes = pd.read_excel(own_path+'\\MasterarbeitenDatenAlleV2.xlsx', sheet_name=sheet_name)\n",
    "    else:\n",
    "        df = pd.read_excel(own_path+'\\MasterarbeitenDatenAlleV2.xlsx', sheet_name=sheet_name)\n",
    "        df['DT'] = sheet_name\n",
    "        dfs.append(df)\n",
    "\n",
    "code_color = {\n",
    "    0: 0,\n",
    "    1: -1,\n",
    "    2: -1,\n",
    "    3: 0,\n",
    "    4: 1,\n",
    "    5: 0,\n",
    "}\n",
    "\n",
    "codes['code_color'] = codes['Codierung'].map(code_color)\n",
    "\n",
    "# concatenate all dataframes\n",
    "df = pd.concat(dfs, ignore_index=True)\n",
    "df = df.set_index(['DT', 'Land']).melt(ignore_index=False).set_index('variable', append=True)\n",
    "df = df.pivot_table(index=['Land', 'variable'], columns='DT', values='value')\n",
    "df.index.names = ['Land', 'Jahr']\n",
    "codes = codes.set_index('Land')\n",
    "df = df.merge(codes, left_index=True, right_index=True).drop('Typ', axis=1)\n",
    "df = df.set_index('Codierung', append=True).sort_index()\n",
    "\n",
    "name_map = {\n",
    "    'Kosten': ['Anteil  BIP Private', 'Anteil BIP Public ', 'Gesundheitsausgaben pro Kopf', 'Out of Pocket'],\n",
    "    'Zugänglichkeit': ['Artzbesuche (pro Kopf)', 'Belegungsrate Akutpflegebet', 'Hospital beds', 'Practising doctors', 'Professional nurses'],\n",
    "    'Qualität': ['Krebs M', 'Krebs W', 'Schlaganfall M', 'Schlaganfall W', 'Sterblichkeit ab 65 M', 'Sterblichkeit ab 65 W', 'Verhinderbare Sterblichkeitsrat']\n",
    "}\n",
    "\n",
    "score_map = {\n",
    "    'Anteil  BIP Private': 1, \n",
    "    'Anteil BIP Public ': 1, \n",
    "    'Artzbesuche (pro Kopf)': 1,\n",
    "    'Belegungsrate Akutpflegebet': -1, \n",
    "    'Gesundheitsausgaben pro Kopf': 1,\n",
    "    'Hospital beds': 1, \n",
    "    'Krebs M': -1, \n",
    "    'Krebs W': -1, \n",
    "    'Out of Pocket': 1,\n",
    "    'Practising doctors': 1,\n",
    "    'Professional nurses': 1, \n",
    "    'Schlaganfall M': -1,\n",
    "    'Schlaganfall W': -1,\n",
    "    'Sterblichkeit ab 65 M': 1, \n",
    "    'Sterblichkeit ab 65 W': 1,\n",
    "    'Verhinderbare Sterblichkeitsrat': -1\n",
    "    }\n",
    "\n",
    "# fill missing values\n",
    "df = df.groupby(['Land']).ffill()\n",
    "\n",
    "# z normalize over all years per variable\n",
    "df = (df - df.mean()) / df.std()\n",
    "\n",
    "# add columns for each category\n",
    "for key in name_map.keys():\n",
    "    tmp_sum = []\n",
    "    for col in name_map[key]:\n",
    "        tmp_sum.append(df[col] * score_map[col])\n",
    "\n",
    "    tmp_sum = pd.concat(tmp_sum, axis=1).mean(axis=1)\n",
    "\n",
    "    df[key] = tmp_sum\n",
    "\n",
    "# filter year > 2010\n",
    "df_f = df[df.index.get_level_values('Jahr') > 2010]"
   ]
  },
  {
   "cell_type": "code",
   "execution_count": 7,
   "metadata": {},
   "outputs": [
    {
     "data": {
      "application/vnd.plotly.v1+json": {
       "config": {
        "plotlyServerURL": "https://plot.ly"
       },
       "data": [
        {
         "coloraxis": "coloraxis",
         "hovertemplate": "Variable: %{x}<br>Variable: %{y}<br>Correlation: %{z}<extra></extra>",
         "name": "0",
         "type": "heatmap",
         "x": [
          "Anteil  BIP Private",
          "Anteil BIP Public ",
          "Gesundheitsausgaben pro Kopf",
          "Out of Pocket",
          "Artzbesuche (pro Kopf)",
          "Belegungsrate Akutpflegebet",
          "Hospital beds",
          "Practising Medical Staff",
          "Krebs",
          "Schlaganfall",
          "Sterblichkeit",
          "Verhinderbare Sterblichkeitsrat"
         ],
         "xaxis": "x",
         "y": [
          "Anteil  BIP Private",
          "Anteil BIP Public ",
          "Gesundheitsausgaben pro Kopf",
          "Out of Pocket",
          "Artzbesuche (pro Kopf)",
          "Belegungsrate Akutpflegebet",
          "Hospital beds",
          "Practising Medical Staff",
          "Krebs",
          "Schlaganfall",
          "Sterblichkeit",
          "Verhinderbare Sterblichkeitsrat"
         ],
         "yaxis": "y",
         "z": [
          [
           1,
           -0.166789966563934,
           -0.11025719554298373,
           0.7518881275127737,
           -0.1734662998304825,
           0.04564689370314176,
           0.007226145337307892,
           0.06801691031088204,
           -0.21251161800842594,
           0.12950553818988803,
           0.0023249767520591696,
           -0.1324215766935983
          ],
          [
           -0.166789966563934,
           1,
           0.7769801933863267,
           -0.14193119476757995,
           -0.13584200097687477,
           0.2393419580369368,
           -0.13335459639062408,
           0.6299296038448594,
           -0.10393859130445039,
           -0.6014789679393996,
           0.6046637610648932,
           -0.508696357483721
          ],
          [
           -0.11025719554298373,
           0.7769801933863267,
           1,
           -0.011388314233163437,
           -0.29187620427707456,
           0.4325054276610591,
           -0.2035876779860629,
           0.7470625291609112,
           -0.30654789508335,
           -0.7025389264970199,
           0.7417210313677376,
           -0.5539255218740691
          ],
          [
           0.7518881275127737,
           -0.14193119476757995,
           -0.011388314233163437,
           1,
           -0.23562444449835118,
           0.0755038917819884,
           -0.012112012285654766,
           0.2537684793832932,
           -0.24819554859662393,
           0.16721775056278035,
           -0.03362132420449107,
           -0.03823817208475666
          ],
          [
           -0.1734662998304825,
           -0.13584200097687477,
           -0.29187620427707456,
           -0.23562444449835118,
           1,
           -0.2350789530175144,
           0.44154019093455554,
           -0.27636056962629957,
           0.43569755190650217,
           0.23726842183358765,
           -0.4212847728295421,
           0.4063097751286926
          ],
          [
           0.04564689370314176,
           0.2393419580369368,
           0.4325054276610591,
           0.0755038917819884,
           -0.2350789530175144,
           1,
           -0.14959711370000206,
           0.2998290277085062,
           -0.07630656431279272,
           -0.3526603981642711,
           0.5328408380257461,
           -0.41474991768551184
          ],
          [
           0.007226145337307892,
           -0.13335459639062408,
           -0.2035876779860629,
           -0.012112012285654766,
           0.44154019093455554,
           -0.14959711370000206,
           1,
           -0.06445372984112553,
           0.32876284491027297,
           0.36665171308153194,
           -0.42740286368858005,
           0.480816104348787
          ],
          [
           0.06801691031088204,
           0.6299296038448594,
           0.7470625291609112,
           0.2537684793832932,
           -0.27636056962629957,
           0.2998290277085062,
           -0.06445372984112553,
           1,
           -0.23375917754994613,
           -0.46886916293138864,
           0.5850428731801504,
           -0.41541833841558706
          ],
          [
           -0.21251161800842594,
           -0.10393859130445039,
           -0.30654789508335,
           -0.24819554859662393,
           0.43569755190650217,
           -0.07630656431279272,
           0.32876284491027297,
           -0.23375917754994613,
           1,
           0.27425168632810515,
           -0.4756854218130684,
           0.49966099752884413
          ],
          [
           0.12950553818988803,
           -0.6014789679393996,
           -0.7025389264970199,
           0.16721775056278035,
           0.23726842183358765,
           -0.3526603981642711,
           0.36665171308153194,
           -0.46886916293138864,
           0.27425168632810515,
           1,
           -0.8431680610646075,
           0.6875512118535627
          ],
          [
           0.0023249767520591696,
           0.6046637610648932,
           0.7417210313677376,
           -0.03362132420449107,
           -0.4212847728295421,
           0.5328408380257461,
           -0.42740286368858005,
           0.5850428731801504,
           -0.4756854218130684,
           -0.8431680610646075,
           1,
           -0.798609067446484
          ],
          [
           -0.1324215766935983,
           -0.508696357483721,
           -0.5539255218740691,
           -0.03823817208475666,
           0.4063097751286926,
           -0.41474991768551184,
           0.480816104348787,
           -0.41541833841558706,
           0.49966099752884413,
           0.6875512118535627,
           -0.798609067446484,
           1
          ]
         ]
        }
       ],
       "layout": {
        "coloraxis": {
         "colorbar": {
          "title": {
           "text": "Correlation"
          }
         },
         "colorscale": [
          [
           0,
           "rgb(72, 169, 218)"
          ],
          [
           0.5,
           "rgb(248, 246, 245)"
          ],
          [
           1,
           "rgb(179, 6, 44)"
          ]
         ]
        },
        "height": 1000,
        "template": {
         "data": {
          "bar": [
           {
            "error_x": {
             "color": "#2a3f5f"
            },
            "error_y": {
             "color": "#2a3f5f"
            },
            "marker": {
             "line": {
              "color": "#E5ECF6",
              "width": 0.5
             },
             "pattern": {
              "fillmode": "overlay",
              "size": 10,
              "solidity": 0.2
             }
            },
            "type": "bar"
           }
          ],
          "barpolar": [
           {
            "marker": {
             "line": {
              "color": "#E5ECF6",
              "width": 0.5
             },
             "pattern": {
              "fillmode": "overlay",
              "size": 10,
              "solidity": 0.2
             }
            },
            "type": "barpolar"
           }
          ],
          "carpet": [
           {
            "aaxis": {
             "endlinecolor": "#2a3f5f",
             "gridcolor": "white",
             "linecolor": "white",
             "minorgridcolor": "white",
             "startlinecolor": "#2a3f5f"
            },
            "baxis": {
             "endlinecolor": "#2a3f5f",
             "gridcolor": "white",
             "linecolor": "white",
             "minorgridcolor": "white",
             "startlinecolor": "#2a3f5f"
            },
            "type": "carpet"
           }
          ],
          "choropleth": [
           {
            "colorbar": {
             "outlinewidth": 0,
             "ticks": ""
            },
            "type": "choropleth"
           }
          ],
          "contour": [
           {
            "colorbar": {
             "outlinewidth": 0,
             "ticks": ""
            },
            "colorscale": [
             [
              0,
              "#0d0887"
             ],
             [
              0.1111111111111111,
              "#46039f"
             ],
             [
              0.2222222222222222,
              "#7201a8"
             ],
             [
              0.3333333333333333,
              "#9c179e"
             ],
             [
              0.4444444444444444,
              "#bd3786"
             ],
             [
              0.5555555555555556,
              "#d8576b"
             ],
             [
              0.6666666666666666,
              "#ed7953"
             ],
             [
              0.7777777777777778,
              "#fb9f3a"
             ],
             [
              0.8888888888888888,
              "#fdca26"
             ],
             [
              1,
              "#f0f921"
             ]
            ],
            "type": "contour"
           }
          ],
          "contourcarpet": [
           {
            "colorbar": {
             "outlinewidth": 0,
             "ticks": ""
            },
            "type": "contourcarpet"
           }
          ],
          "heatmap": [
           {
            "colorbar": {
             "outlinewidth": 0,
             "ticks": ""
            },
            "colorscale": [
             [
              0,
              "#0d0887"
             ],
             [
              0.1111111111111111,
              "#46039f"
             ],
             [
              0.2222222222222222,
              "#7201a8"
             ],
             [
              0.3333333333333333,
              "#9c179e"
             ],
             [
              0.4444444444444444,
              "#bd3786"
             ],
             [
              0.5555555555555556,
              "#d8576b"
             ],
             [
              0.6666666666666666,
              "#ed7953"
             ],
             [
              0.7777777777777778,
              "#fb9f3a"
             ],
             [
              0.8888888888888888,
              "#fdca26"
             ],
             [
              1,
              "#f0f921"
             ]
            ],
            "type": "heatmap"
           }
          ],
          "heatmapgl": [
           {
            "colorbar": {
             "outlinewidth": 0,
             "ticks": ""
            },
            "colorscale": [
             [
              0,
              "#0d0887"
             ],
             [
              0.1111111111111111,
              "#46039f"
             ],
             [
              0.2222222222222222,
              "#7201a8"
             ],
             [
              0.3333333333333333,
              "#9c179e"
             ],
             [
              0.4444444444444444,
              "#bd3786"
             ],
             [
              0.5555555555555556,
              "#d8576b"
             ],
             [
              0.6666666666666666,
              "#ed7953"
             ],
             [
              0.7777777777777778,
              "#fb9f3a"
             ],
             [
              0.8888888888888888,
              "#fdca26"
             ],
             [
              1,
              "#f0f921"
             ]
            ],
            "type": "heatmapgl"
           }
          ],
          "histogram": [
           {
            "marker": {
             "pattern": {
              "fillmode": "overlay",
              "size": 10,
              "solidity": 0.2
             }
            },
            "type": "histogram"
           }
          ],
          "histogram2d": [
           {
            "colorbar": {
             "outlinewidth": 0,
             "ticks": ""
            },
            "colorscale": [
             [
              0,
              "#0d0887"
             ],
             [
              0.1111111111111111,
              "#46039f"
             ],
             [
              0.2222222222222222,
              "#7201a8"
             ],
             [
              0.3333333333333333,
              "#9c179e"
             ],
             [
              0.4444444444444444,
              "#bd3786"
             ],
             [
              0.5555555555555556,
              "#d8576b"
             ],
             [
              0.6666666666666666,
              "#ed7953"
             ],
             [
              0.7777777777777778,
              "#fb9f3a"
             ],
             [
              0.8888888888888888,
              "#fdca26"
             ],
             [
              1,
              "#f0f921"
             ]
            ],
            "type": "histogram2d"
           }
          ],
          "histogram2dcontour": [
           {
            "colorbar": {
             "outlinewidth": 0,
             "ticks": ""
            },
            "colorscale": [
             [
              0,
              "#0d0887"
             ],
             [
              0.1111111111111111,
              "#46039f"
             ],
             [
              0.2222222222222222,
              "#7201a8"
             ],
             [
              0.3333333333333333,
              "#9c179e"
             ],
             [
              0.4444444444444444,
              "#bd3786"
             ],
             [
              0.5555555555555556,
              "#d8576b"
             ],
             [
              0.6666666666666666,
              "#ed7953"
             ],
             [
              0.7777777777777778,
              "#fb9f3a"
             ],
             [
              0.8888888888888888,
              "#fdca26"
             ],
             [
              1,
              "#f0f921"
             ]
            ],
            "type": "histogram2dcontour"
           }
          ],
          "mesh3d": [
           {
            "colorbar": {
             "outlinewidth": 0,
             "ticks": ""
            },
            "type": "mesh3d"
           }
          ],
          "parcoords": [
           {
            "line": {
             "colorbar": {
              "outlinewidth": 0,
              "ticks": ""
             }
            },
            "type": "parcoords"
           }
          ],
          "pie": [
           {
            "automargin": true,
            "type": "pie"
           }
          ],
          "scatter": [
           {
            "fillpattern": {
             "fillmode": "overlay",
             "size": 10,
             "solidity": 0.2
            },
            "type": "scatter"
           }
          ],
          "scatter3d": [
           {
            "line": {
             "colorbar": {
              "outlinewidth": 0,
              "ticks": ""
             }
            },
            "marker": {
             "colorbar": {
              "outlinewidth": 0,
              "ticks": ""
             }
            },
            "type": "scatter3d"
           }
          ],
          "scattercarpet": [
           {
            "marker": {
             "colorbar": {
              "outlinewidth": 0,
              "ticks": ""
             }
            },
            "type": "scattercarpet"
           }
          ],
          "scattergeo": [
           {
            "marker": {
             "colorbar": {
              "outlinewidth": 0,
              "ticks": ""
             }
            },
            "type": "scattergeo"
           }
          ],
          "scattergl": [
           {
            "marker": {
             "colorbar": {
              "outlinewidth": 0,
              "ticks": ""
             }
            },
            "type": "scattergl"
           }
          ],
          "scattermapbox": [
           {
            "marker": {
             "colorbar": {
              "outlinewidth": 0,
              "ticks": ""
             }
            },
            "type": "scattermapbox"
           }
          ],
          "scatterpolar": [
           {
            "marker": {
             "colorbar": {
              "outlinewidth": 0,
              "ticks": ""
             }
            },
            "type": "scatterpolar"
           }
          ],
          "scatterpolargl": [
           {
            "marker": {
             "colorbar": {
              "outlinewidth": 0,
              "ticks": ""
             }
            },
            "type": "scatterpolargl"
           }
          ],
          "scatterternary": [
           {
            "marker": {
             "colorbar": {
              "outlinewidth": 0,
              "ticks": ""
             }
            },
            "type": "scatterternary"
           }
          ],
          "surface": [
           {
            "colorbar": {
             "outlinewidth": 0,
             "ticks": ""
            },
            "colorscale": [
             [
              0,
              "#0d0887"
             ],
             [
              0.1111111111111111,
              "#46039f"
             ],
             [
              0.2222222222222222,
              "#7201a8"
             ],
             [
              0.3333333333333333,
              "#9c179e"
             ],
             [
              0.4444444444444444,
              "#bd3786"
             ],
             [
              0.5555555555555556,
              "#d8576b"
             ],
             [
              0.6666666666666666,
              "#ed7953"
             ],
             [
              0.7777777777777778,
              "#fb9f3a"
             ],
             [
              0.8888888888888888,
              "#fdca26"
             ],
             [
              1,
              "#f0f921"
             ]
            ],
            "type": "surface"
           }
          ],
          "table": [
           {
            "cells": {
             "fill": {
              "color": "#EBF0F8"
             },
             "line": {
              "color": "white"
             }
            },
            "header": {
             "fill": {
              "color": "#C8D4E3"
             },
             "line": {
              "color": "white"
             }
            },
            "type": "table"
           }
          ]
         },
         "layout": {
          "annotationdefaults": {
           "arrowcolor": "#2a3f5f",
           "arrowhead": 0,
           "arrowwidth": 1
          },
          "autotypenumbers": "strict",
          "coloraxis": {
           "colorbar": {
            "outlinewidth": 0,
            "ticks": ""
           }
          },
          "colorscale": {
           "diverging": [
            [
             0,
             "#8e0152"
            ],
            [
             0.1,
             "#c51b7d"
            ],
            [
             0.2,
             "#de77ae"
            ],
            [
             0.3,
             "#f1b6da"
            ],
            [
             0.4,
             "#fde0ef"
            ],
            [
             0.5,
             "#f7f7f7"
            ],
            [
             0.6,
             "#e6f5d0"
            ],
            [
             0.7,
             "#b8e186"
            ],
            [
             0.8,
             "#7fbc41"
            ],
            [
             0.9,
             "#4d9221"
            ],
            [
             1,
             "#276419"
            ]
           ],
           "sequential": [
            [
             0,
             "#0d0887"
            ],
            [
             0.1111111111111111,
             "#46039f"
            ],
            [
             0.2222222222222222,
             "#7201a8"
            ],
            [
             0.3333333333333333,
             "#9c179e"
            ],
            [
             0.4444444444444444,
             "#bd3786"
            ],
            [
             0.5555555555555556,
             "#d8576b"
            ],
            [
             0.6666666666666666,
             "#ed7953"
            ],
            [
             0.7777777777777778,
             "#fb9f3a"
            ],
            [
             0.8888888888888888,
             "#fdca26"
            ],
            [
             1,
             "#f0f921"
            ]
           ],
           "sequentialminus": [
            [
             0,
             "#0d0887"
            ],
            [
             0.1111111111111111,
             "#46039f"
            ],
            [
             0.2222222222222222,
             "#7201a8"
            ],
            [
             0.3333333333333333,
             "#9c179e"
            ],
            [
             0.4444444444444444,
             "#bd3786"
            ],
            [
             0.5555555555555556,
             "#d8576b"
            ],
            [
             0.6666666666666666,
             "#ed7953"
            ],
            [
             0.7777777777777778,
             "#fb9f3a"
            ],
            [
             0.8888888888888888,
             "#fdca26"
            ],
            [
             1,
             "#f0f921"
            ]
           ]
          },
          "colorway": [
           "#636efa",
           "#EF553B",
           "#00cc96",
           "#ab63fa",
           "#FFA15A",
           "#19d3f3",
           "#FF6692",
           "#B6E880",
           "#FF97FF",
           "#FECB52"
          ],
          "font": {
           "color": "#2a3f5f"
          },
          "geo": {
           "bgcolor": "white",
           "lakecolor": "white",
           "landcolor": "#E5ECF6",
           "showlakes": true,
           "showland": true,
           "subunitcolor": "white"
          },
          "hoverlabel": {
           "align": "left"
          },
          "hovermode": "closest",
          "mapbox": {
           "style": "light"
          },
          "paper_bgcolor": "white",
          "plot_bgcolor": "#E5ECF6",
          "polar": {
           "angularaxis": {
            "gridcolor": "white",
            "linecolor": "white",
            "ticks": ""
           },
           "bgcolor": "#E5ECF6",
           "radialaxis": {
            "gridcolor": "white",
            "linecolor": "white",
            "ticks": ""
           }
          },
          "scene": {
           "xaxis": {
            "backgroundcolor": "#E5ECF6",
            "gridcolor": "white",
            "gridwidth": 2,
            "linecolor": "white",
            "showbackground": true,
            "ticks": "",
            "zerolinecolor": "white"
           },
           "yaxis": {
            "backgroundcolor": "#E5ECF6",
            "gridcolor": "white",
            "gridwidth": 2,
            "linecolor": "white",
            "showbackground": true,
            "ticks": "",
            "zerolinecolor": "white"
           },
           "zaxis": {
            "backgroundcolor": "#E5ECF6",
            "gridcolor": "white",
            "gridwidth": 2,
            "linecolor": "white",
            "showbackground": true,
            "ticks": "",
            "zerolinecolor": "white"
           }
          },
          "shapedefaults": {
           "line": {
            "color": "#2a3f5f"
           }
          },
          "ternary": {
           "aaxis": {
            "gridcolor": "white",
            "linecolor": "white",
            "ticks": ""
           },
           "baxis": {
            "gridcolor": "white",
            "linecolor": "white",
            "ticks": ""
           },
           "bgcolor": "#E5ECF6",
           "caxis": {
            "gridcolor": "white",
            "linecolor": "white",
            "ticks": ""
           }
          },
          "title": {
           "x": 0.05
          },
          "xaxis": {
           "automargin": true,
           "gridcolor": "white",
           "linecolor": "white",
           "ticks": "",
           "title": {
            "standoff": 15
           },
           "zerolinecolor": "white",
           "zerolinewidth": 2
          },
          "yaxis": {
           "automargin": true,
           "gridcolor": "white",
           "linecolor": "white",
           "ticks": "",
           "title": {
            "standoff": 15
           },
           "zerolinecolor": "white",
           "zerolinewidth": 2
          }
         }
        },
        "title": {
         "text": "Correlation Matrix"
        },
        "width": 1000,
        "xaxis": {
         "anchor": "y",
         "constrain": "domain",
         "domain": [
          0,
          1
         ],
         "scaleanchor": "y",
         "title": {
          "text": "Variable"
         }
        },
        "yaxis": {
         "anchor": "x",
         "autorange": "reversed",
         "constrain": "domain",
         "domain": [
          0,
          1
         ],
         "title": {
          "text": "Variable"
         }
        }
       }
      }
     },
     "metadata": {},
     "output_type": "display_data"
    }
   ],
   "source": [
    "corr_data = df_f.copy()\n",
    "\n",
    "corr_data['Krebs'] = (corr_data['Krebs M'] + corr_data['Krebs W']) / 2\n",
    "corr_data['Schlaganfall'] = (corr_data['Schlaganfall M'] + corr_data['Schlaganfall W']) / 2\n",
    "corr_data['Sterblichkeit'] = (corr_data['Sterblichkeit ab 65 M'] + corr_data['Sterblichkeit ab 65 W']) / 2\n",
    "corr_data['Practising Medical Staff'] = (corr_data['Practising doctors'] + corr_data['Professional nurses']) / 2\n",
    "\n",
    "corr_data = corr_data.drop(['Krebs M', 'Krebs W', 'Schlaganfall M', 'Schlaganfall W', 'Sterblichkeit ab 65 M', 'Sterblichkeit ab 65 W', 'Practising doctors', 'Professional nurses'], axis=1)\n",
    "corr_data = corr_data[['Anteil  BIP Private', 'Anteil BIP Public ', 'Gesundheitsausgaben pro Kopf', 'Out of Pocket', 'Artzbesuche (pro Kopf)', 'Belegungsrate Akutpflegebet', 'Hospital beds', 'Practising Medical Staff', 'Krebs', 'Schlaganfall', 'Sterblichkeit', 'Verhinderbare Sterblichkeitsrat']]\n",
    "\n",
    "colorscale = [[0, color_palette[13]], [0.5, color_palette[1]], [1, color_palette[5]]]\n",
    "\n",
    "fig = px.imshow(corr_data.corr(), title='Correlation Matrix', labels=dict(x='Variable', y='Variable', color='Correlation'), color_continuous_scale=colorscale)\n",
    "fig.update_layout(width=1000, height=1000)\n",
    "fig.show()"
   ]
  },
  {
   "cell_type": "code",
   "execution_count": 90,
   "metadata": {},
   "outputs": [
    {
     "data": {
      "text/plain": [
       "Jahr\n",
       "2006     1.25\n",
       "2007    10.40\n",
       "2008    24.20\n",
       "2009    18.75\n",
       "2010    28.95\n",
       "2011    29.90\n",
       "2012    30.65\n",
       "2013    32.00\n",
       "2014    33.15\n",
       "2015    33.35\n",
       "2016    34.10\n",
       "2017    34.75\n",
       "2018    34.20\n",
       "2019    34.30\n",
       "2020    35.45\n",
       "2021    32.70\n",
       "2022    35.90\n",
       "dtype: float64"
      ]
     },
     "execution_count": 90,
     "metadata": {},
     "output_type": "execute_result"
    }
   ],
   "source": [
    "# count data points per year\n",
    "df.groupby('Jahr').count().mean(axis=1)\n"
   ]
  },
  {
   "cell_type": "code",
   "execution_count": 12,
   "metadata": {},
   "outputs": [
    {
     "data": {
      "application/vnd.plotly.v1+json": {
       "config": {
        "plotlyServerURL": "https://plot.ly"
       },
       "data": [
        {
         "hovertemplate": "Codierung=0<br>Jahr=%{x}<br>value=%{y}<extra></extra>",
         "legendgroup": "0",
         "line": {
          "color": "rgb(77, 75, 70)",
          "dash": "solid"
         },
         "marker": {
          "symbol": "circle"
         },
         "mode": "lines",
         "name": "0",
         "orientation": "v",
         "showlegend": true,
         "type": "scatter",
         "x": [
          2011,
          2012,
          2013,
          2014,
          2015,
          2016,
          2017,
          2018,
          2019,
          2020,
          2021,
          2022
         ],
         "xaxis": "x",
         "y": [
          -0.36772120430207716,
          -0.3139979227933702,
          -0.320564128198538,
          -0.19553840842557152,
          -0.38866500869627535,
          -0.3753360815155901,
          -0.3695928917798893,
          -0.2987728040545892,
          -0.24780280575772665,
          -0.21916151757521207,
          -0.1706104393012458,
          0.0023534378129000553
         ],
         "yaxis": "y"
        },
        {
         "hovertemplate": "Codierung=1<br>Jahr=%{x}<br>value=%{y}<extra></extra>",
         "legendgroup": "1",
         "line": {
          "color": "rgb(134, 0, 71)",
          "dash": "solid"
         },
         "marker": {
          "symbol": "circle"
         },
         "mode": "lines",
         "name": "1",
         "orientation": "v",
         "showlegend": true,
         "type": "scatter",
         "x": [
          2011,
          2012,
          2013,
          2014,
          2015,
          2016,
          2017,
          2018,
          2019,
          2020,
          2021,
          2022
         ],
         "xaxis": "x",
         "y": [
          0.1387153861423609,
          0.15146436948243178,
          0.15146436948243178,
          0.14684712780477743,
          0.20158119636542873,
          0.20158119636542873,
          0.2131231650421424,
          0.28457773042387513,
          0.30038199831126183,
          0.49192686377499434,
          0.49192686377499434,
          0.38395406877257376
         ],
         "yaxis": "y"
        },
        {
         "hovertemplate": "Codierung=2<br>Jahr=%{x}<br>value=%{y}<extra></extra>",
         "legendgroup": "2",
         "line": {
          "color": "rgb(179, 6, 44)",
          "dash": "solid"
         },
         "marker": {
          "symbol": "circle"
         },
         "mode": "lines",
         "name": "2",
         "orientation": "v",
         "showlegend": true,
         "type": "scatter",
         "x": [
          2011,
          2012,
          2013,
          2014,
          2015,
          2016,
          2017,
          2018,
          2019,
          2020,
          2021,
          2022
         ],
         "xaxis": "x",
         "y": [
          0.07627729049329593,
          0.09486650049788628,
          0.09486650049788628,
          0.038551411998068205,
          0.1751153456082087,
          0.1751153456082087,
          0.18332846970951883,
          0.24933358190621088,
          -0.07578849905876058,
          0.06529962942447803,
          0.06529962942447803,
          -0.02124406905451723
         ],
         "yaxis": "y"
        },
        {
         "hovertemplate": "Codierung=3<br>Jahr=%{x}<br>value=%{y}<extra></extra>",
         "legendgroup": "3",
         "line": {
          "color": "rgb(115, 124, 69)",
          "dash": "solid"
         },
         "marker": {
          "symbol": "circle"
         },
         "mode": "lines",
         "name": "3",
         "orientation": "v",
         "showlegend": true,
         "type": "scatter",
         "x": [
          2011,
          2012,
          2013,
          2014,
          2015,
          2016,
          2017,
          2018,
          2019,
          2020,
          2021,
          2022
         ],
         "xaxis": "x",
         "y": [
          -0.29057583087040145,
          -0.26381288930140123,
          -0.26381288930140123,
          -0.2631404414288053,
          -0.3930895543686792,
          -0.3930895543686792,
          -0.38517050351728477,
          -0.3810678673750949,
          -0.36038053945114285,
          -0.03171156801085233,
          -0.03171156801085233,
          0.07082575754496978
         ],
         "yaxis": "y"
        },
        {
         "hovertemplate": "Codierung=4<br>Jahr=%{x}<br>value=%{y}<extra></extra>",
         "legendgroup": "4",
         "line": {
          "color": "rgb(165, 171, 82)",
          "dash": "solid"
         },
         "marker": {
          "symbol": "circle"
         },
         "mode": "lines",
         "name": "4",
         "orientation": "v",
         "showlegend": true,
         "type": "scatter",
         "x": [
          2011,
          2012,
          2013,
          2014,
          2015,
          2016,
          2017,
          2018,
          2019,
          2020,
          2021,
          2022
         ],
         "xaxis": "x",
         "y": [
          0.3969994024010792,
          0.44248624607999626,
          0.44248624607999626,
          0.4408964508444375,
          0.5199279507424673,
          0.5199279507424673,
          0.4923339496984763,
          0.7315593321886039,
          0.6708103859699602,
          0.7034189459072127,
          0.7034189459072127,
          0.7080306608154817
         ],
         "yaxis": "y"
        },
        {
         "hovertemplate": "Codierung=5<br>Jahr=%{x}<br>value=%{y}<extra></extra>",
         "legendgroup": "5",
         "line": {
          "color": "rgb(72, 169, 218)",
          "dash": "solid"
         },
         "marker": {
          "symbol": "circle"
         },
         "mode": "lines",
         "name": "5",
         "orientation": "v",
         "showlegend": true,
         "type": "scatter",
         "x": [
          2011,
          2012,
          2013,
          2014,
          2015,
          2016,
          2017,
          2018,
          2019,
          2020,
          2021,
          2022
         ],
         "xaxis": "x",
         "y": [
          -0.19616926776367052,
          -0.1775579058085386,
          -0.1775579058085386,
          -0.18493095968358322,
          -0.2789131309923335,
          -0.2789131309923335,
          -0.26124051359189726,
          -0.21573065288421628,
          -0.21936445223675632,
          -0.0718483555074722,
          -0.0718483555074722,
          -0.056506889680658104
         ],
         "yaxis": "y"
        }
       ],
       "layout": {
        "legend": {
         "title": {
          "text": "Codierung"
         },
         "tracegroupgap": 0
        },
        "template": {
         "data": {
          "bar": [
           {
            "error_x": {
             "color": "#2a3f5f"
            },
            "error_y": {
             "color": "#2a3f5f"
            },
            "marker": {
             "line": {
              "color": "#E5ECF6",
              "width": 0.5
             },
             "pattern": {
              "fillmode": "overlay",
              "size": 10,
              "solidity": 0.2
             }
            },
            "type": "bar"
           }
          ],
          "barpolar": [
           {
            "marker": {
             "line": {
              "color": "#E5ECF6",
              "width": 0.5
             },
             "pattern": {
              "fillmode": "overlay",
              "size": 10,
              "solidity": 0.2
             }
            },
            "type": "barpolar"
           }
          ],
          "carpet": [
           {
            "aaxis": {
             "endlinecolor": "#2a3f5f",
             "gridcolor": "white",
             "linecolor": "white",
             "minorgridcolor": "white",
             "startlinecolor": "#2a3f5f"
            },
            "baxis": {
             "endlinecolor": "#2a3f5f",
             "gridcolor": "white",
             "linecolor": "white",
             "minorgridcolor": "white",
             "startlinecolor": "#2a3f5f"
            },
            "type": "carpet"
           }
          ],
          "choropleth": [
           {
            "colorbar": {
             "outlinewidth": 0,
             "ticks": ""
            },
            "type": "choropleth"
           }
          ],
          "contour": [
           {
            "colorbar": {
             "outlinewidth": 0,
             "ticks": ""
            },
            "colorscale": [
             [
              0,
              "#0d0887"
             ],
             [
              0.1111111111111111,
