{
 "cells": [
  {
   "cell_type": "code",
   "execution_count": 23,
   "metadata": {},
   "outputs": [],
   "source": [
    "import pandas as pd\n",
    "import numpy as np\n",
    "import plotly.express as px\n",
    "import plotly.graph_objects as go\n",
    "# import pca\n",
    "from sklearn.decomposition import PCA, FactorAnalysis\n",
    "\n",
    "# Read in the data\n",
    "data = pd.read_stata('Cecilia/Eurobarometer_91_5.dta', convert_categoricals=False)\n",
    "q_selection = ['qf1', 'qf2', 'qa10_1', 'qa10_2', 'qa10_3', 'qa10_6', 'qd1a_3', 'qd2_1', 'qd2_2','qg1']\n",
    "data_selection = data[q_selection]\n",
    "for q in ['qf1','qf2']:\n",
    "    mask = data_selection[q]==2\n",
    "    data_selection.loc[data_selection[q]==3, q] = 2\n",
    "    data_selection.loc[mask, q] = 3\n",
    "    data_selection.loc[data_selection[q]>3, q] = np.nan\n",
    "\n",
    "data_selection.loc[data_selection['qg1']==2, 'qg1'] = 0\n",
    "\n",
    "for q in ['qa10_1','qa10_2','qa10_3','qa10_6','qd1a_3','qd2_1','qd2_2']:\n",
    "    data_selection.loc[data_selection['qg1'].isna(), q] = np.nan\n",
    "    data_selection.loc[data_selection[q]>4, q] = np.nan\n",
    "\n",
    "data_selection = data_selection.rename(columns={'qf1':'MS1','qf2':'MS2','qa10_1':'IM1','qa10_2':'IM2','qa10_3':'IM3','qa10_6':'IM4','qd2_1':'ID1','qd2_2':'ID2','qd1a_3':'ID3','qg1':'Wahl'})"
   ]
  },
  {
   "cell_type": "code",
   "execution_count": 14,
   "metadata": {},
   "outputs": [
    {
     "data": {
      "application/vnd.plotly.v1+json": {
       "config": {
        "plotlyServerURL": "https://plot.ly"
       },
       "data": [
        {
         "coloraxis": "coloraxis",
         "text": [
          [
           1,
           -0.11,
           -0.13,
           -0.14,
           -0.03,
           -0.08,
           -0.07,
           0,
           -0.11,
           -0.15
          ],
          [
           -0.11,
           1,
           0.4,
           0.62,
           0.37,
           0.37,
           0.37,
           0.33,
           0.38,
           0.45
          ],
          [
           -0.13,
           0.4,
           1,
           0.51,
           0.2,
           0.22,
           0.22,
           0.18,
           0.22,
           0.25
          ],
          [
           -0.14,
           0.62,
           0.51,
           1,
           0.33,
           0.35,
           0.36,
           0.29,
           0.42,
           0.48
          ],
          [
           -0.03,
           0.37,
           0.2,
           0.33,
           1,
           0.56,
           0.59,
           0.59,
           0.34,
           0.38
          ],
          [
           -0.08,
           0.37,
           0.22,
           0.35,
           0.56,
           1,
           0.57,
           0.5,
           0.36,
           0.4
          ],
          [
           -0.07,
           0.37,
           0.22,
           0.36,
           0.59,
           0.57,
           1,
           0.58,
           0.37,
           0.41
          ],
          [
           0,
           0.33,
           0.18,
           0.29,
           0.59,
           0.5,
           0.58,
           1,
           0.29,
           0.3
          ],
          [
           -0.11,
           0.38,
           0.22,
           0.42,
           0.34,
           0.36,
           0.37,
           0.29,
           1,
           0.63
          ],
          [
           -0.15,
           0.45,
           0.25,
           0.48,
           0.38,
           0.4,
           0.41,
           0.3,
           0.63,
           1
          ]
         ],
         "texttemplate": "%{text}",
         "type": "heatmap",
         "x": [
          "Wahl",
          "ID3",
          "ID2",
          "ID1",
          "IM4",
          "IM3",
          "IM2",
          "IM1",
          "MS2",
          "MS1"
         ],
         "xaxis": "x",
         "y": [
          "Wahl",
          "ID3",
          "ID2",
          "ID1",
          "IM4",
          "IM3",
          "IM2",
          "IM1",
          "MS2",
          "MS1"
         ],
         "yaxis": "y",
         "z": [
          [
           1,
           -0.11494204598161195,
           -0.12769655555672502,
           -0.14239255818909083,
           -0.031046313528150196,
           -0.07633749620949612,
           -0.06897809784392629,
           -0.0031613670027392437,
           -0.10653625388869654,
           -0.1500441956988715
          ],
          [
           -0.11494204598161195,
           1,
           0.40474945707375004,
           0.6206769599049143,
           0.3704982973045031,
           0.3667657801616501,
           0.3726201776798235,
           0.3255174101088038,
           0.3814688047256103,
           0.44535337624285054
          ],
          [
           -0.12769655555672502,
           0.40474945707375004,
           1,
           0.5118643734441221,
           0.19821481378574377,
           0.2205216896593105,
           0.2157729308630592,
           0.18063995965998453,
           0.22256878859956405,
           0.25125946135594085
          ],
          [
           -0.14239255818909083,
           0.6206769599049143,
           0.5118643734441221,
           1,
           0.3340626426184654,
           0.35476470042902336,
           0.3591878374915713,
           0.29182538503106353,
           0.41639418202380835,
           0.4796527954196642
          ],
          [
           -0.031046313528150196,
           0.3704982973045031,
           0.19821481378574377,
           0.3340626426184654,
           1,
           0.5629656019342075,
           0.5853733394748182,
           0.5851816597284208,
           0.34300048686992896,
           0.3806726534279046
          ],
          [
           -0.07633749620949612,
           0.3667657801616501,
           0.2205216896593105,
           0.35476470042902336,
           0.5629656019342075,
           1,
           0.5746351175160064,
           0.5046539783935773,
           0.35929469253756235,
           0.39671198964574744
          ],
          [
           -0.06897809784392629,
           0.3726201776798235,
           0.2157729308630592,
           0.3591878374915713,
           0.5853733394748182,
           0.5746351175160064,
           1,
           0.5761352179410494,
           0.37012514502507393,
           0.4125393388965233
          ],
          [
           -0.0031613670027392437,
           0.3255174101088038,
           0.18063995965998453,
           0.29182538503106353,
           0.5851816597284208,
           0.5046539783935773,
           0.5761352179410494,
           1,
           0.2862545687257406,
           0.3045006206744803
          ],
          [
           -0.10653625388869654,
           0.3814688047256103,
           0.22256878859956405,
           0.41639418202380835,
           0.34300048686992896,
           0.35929469253756235,
           0.37012514502507393,
           0.2862545687257406,
           1,
           0.6280124190804579
          ],
          [
           -0.1500441956988715,
           0.44535337624285054,
           0.25125946135594085,
           0.4796527954196642,
           0.3806726534279046,
           0.39671198964574744,
           0.4125393388965233,
           0.3045006206744803,
           0.6280124190804579,
           1
          ]
         ]
        },
        {
         "coloraxis": "coloraxis",
         "text": [
          [
           0.25,
           -0.05,
           -0.05,
           -0.06,
           -0.01,
           -0.03,
           -0.03,
           0,
           -0.04,
           -0.05
          ],
          [
           -0.05,
           0.79,
           0.31,
           0.49,
           0.25,
           0.25,
           0.25,
           0.21,
           0.28,
           0.27
          ],
          [
           -0.05,
           0.31,
           0.73,
           0.39,
           0.13,
           0.14,
           0.14,
           0.11,
           0.15,
           0.14
          ],
          [
           -0.06,
           0.49,
           0.39,
           0.8,
           0.23,
           0.24,
           0.24,
           0.19,
           0.3,
           0.29
          ],
          [
           -0.01,
           0.25,
           0.13,
           0.23,
           0.58,
           0.34,
           0.34,
           0.33,
           0.21,
           0.2
          ],
          [
           -0.03,
           0.25,
           0.14,
           0.24,
           0.34,
           0.61,
           0.34,
           0.29,
           0.23,
           0.21
          ],
          [
           -0.03,
           0.25,
           0.14,
           0.24,
           0.34,
           0.34,
           0.56,
           0.32,
           0.23,
           0.21
          ],
          [
           0,
           0.21,
           0.11,
           0.19,
           0.33,
           0.29,
           0.32,
           0.54,
           0.17,
           0.15
          ],
          [
           -0.04,
           0.28,
           0.15,
           0.3,
           0.21,
           0.23,
           0.23,
           0.17,
           0.67,
           0.35
          ],
          [
           -0.05,
           0.27,
           0.14,
           0.29,
           0.2,
           0.21,
           0.21,
           0.15,
           0.35,
           0.46
          ]
         ],
         "texttemplate": "%{text}",
         "type": "heatmap",
         "x": [
          "Wahl",
          "ID3",
          "ID2",
          "ID1",
          "IM4",
          "IM3",
          "IM2",
          "IM1",
          "MS2",
          "MS1"
         ],
         "xaxis": "x2",
         "y": [
          "Wahl",
          "ID3",
          "ID2",
          "ID1",
          "IM4",
          "IM3",
          "IM2",
          "IM1",
          "MS2",
          "MS1"
         ],
         "yaxis": "y2",
         "z": [
          [
           0.2478504166276035,
           -0.05071260426864274,
           -0.0543126468466469,
           -0.06344100712393586,
           -0.011773539518448997,
           -0.02951194621418758,
           -0.02572696167407391,
           -0.0011523955864045784,
           -0.04336627918331411,
           -0.05044723330669247
          ],
          [
           -0.05071260426864274,
           0.7866927748499718,
           0.3056946452899303,
           0.49248201651501505,
           0.2491629550006033,
           0.25201074728806594,
           0.24655230250439103,
           0.21042596405448122,
           0.2760212178928065,
           0.26624711882659935
          ],
          [
           -0.0543126468466469,
           0.3056946452899303,
           0.7307468576351792,
           0.39074674799691356,
           0.1274600947696414,
           0.14475482781654617,
           0.13647894939148447,
           0.11169819410675985,
           0.15413063674915486,
           0.1444218577090565
          ],
          [
           -0.06344100712393586,
           0.49248201651501505,
           0.39074674799691356,
           0.8017650235165721,
           0.22506640168393993,
           0.24428981720502807,
           0.23777225965299736,
           0.18882223126112382,
           0.3019018687714725,
           0.2887086048340609
          ],
          [
           -0.011773539518448997,
           0.2491629550006033,
           0.1274600947696414,
           0.22506640168393993,
           0.5840822708727972,
           0.3362026282547795,
           0.33805819852168345,
           0.33013247500358855,
           0.21431916181598984,
           0.1970847432933643
          ],
          [
           -0.02951194621418758,
           0.25201074728806594,
           0.14475482781654617,
           0.24428981720502807,
           0.3362026282547795,
           0.606743241737905,
           0.3385334384139893,
           0.2898176999532909,
           0.2287576208787142,
           0.2089279043980616
          ],
          [
           -0.02572696167407391,
           0.24655230250439103,
           0.13647894939148447,
           0.23777225965299736,
           0.33805819852168345,
           0.3385334384139893,
           0.5647542212386828,
           0.31993609744339946,
           0.22707902453677944,
           0.2091013381293645
          ],
          [
           -0.0011523955864045784,
           0.21042596405448122,
           0.11169819410675985,
           0.18882223126112382,
           0.33013247500358855,
           0.2898176999532909,
           0.31993609744339946,
           0.5386070223397894,
           0.17191603419949786,
           0.150974424111265
          ],
          [
           -0.04336627918331411,
           0.2760212178928065,
           0.15413063674915486,
           0.3019018687714725,
           0.21431916181598984,
           0.2287576208787142,
           0.22707902453677944,
           0.17191603419949786,
           0.6728134746326501,
           0.34924666655340053
          ],
          [
           -0.05044723330669247,
           0.26624711882659935,
           0.1444218577090565,
           0.2887086048340609,
           0.1970847432933643,
           0.2089279043980616,
           0.2091013381293645,
           0.150974424111265,
           0.34924666655340053,
           0.45686043880178906
          ]
         ]
        }
       ],
       "layout": {
        "annotations": [
         {
          "font": {
           "size": 16
          },
          "showarrow": false,
          "text": "Korrelationsmatrix",
          "x": 0.225,
          "xanchor": "center",
          "xref": "paper",
          "y": 1,
          "yanchor": "bottom",
          "yref": "paper"
         },
         {
          "font": {
           "size": 16
          },
          "showarrow": false,
          "text": "Kovarianzmatrix",
          "x": 0.775,
          "xanchor": "center",
          "xref": "paper",
          "y": 1,
          "yanchor": "bottom",
          "yref": "paper"
         }
        ],
        "coloraxis": {
         "colorscale": [
          [
           0,
           "rgb(103,0,31)"
          ],
          [
           0.1,
           "rgb(178,24,43)"
          ],
          [
           0.2,
           "rgb(214,96,77)"
          ],
          [
           0.3,
           "rgb(244,165,130)"
          ],
          [
           0.4,
           "rgb(253,219,199)"
          ],
          [
           0.5,
           "rgb(247,247,247)"
          ],
          [
           0.6,
           "rgb(209,229,240)"
          ],
          [
           0.7,
           "rgb(146,197,222)"
          ],
          [
           0.8,
           "rgb(67,147,195)"
          ],
          [
           0.9,
           "rgb(33,102,172)"
          ],
          [
           1,
           "rgb(5,48,97)"
          ]
         ]
        },
        "height": 600,
        "plot_bgcolor": "rgba(0,0,0,0)",
        "template": {
         "data": {
          "bar": [
           {
            "error_x": {
             "color": "#2a3f5f"
            },
            "error_y": {
             "color": "#2a3f5f"
            },
            "marker": {
             "line": {
              "color": "#E5ECF6",
              "width": 0.5
             },
             "pattern": {
              "fillmode": "overlay",
              "size": 10,
              "solidity": 0.2
             }
            },
            "type": "bar"
           }
          ],
          "barpolar": [
           {
            "marker": {
             "line": {
              "color": "#E5ECF6",
              "width": 0.5
             },
             "pattern": {
              "fillmode": "overlay",
              "size": 10,
              "solidity": 0.2
             }
            },
            "type": "barpolar"
           }
          ],
          "carpet": [
           {
            "aaxis": {
             "endlinecolor": "#2a3f5f",
             "gridcolor": "white",
             "linecolor": "white",
             "minorgridcolor": "white",
             "startlinecolor": "#2a3f5f"
            },
            "baxis": {
             "endlinecolor": "#2a3f5f",
             "gridcolor": "white",
             "linecolor": "white",
             "minorgridcolor": "white",
             "startlinecolor": "#2a3f5f"
            },
            "type": "carpet"
           }
          ],
          "choropleth": [
           {
            "colorbar": {
             "outlinewidth": 0,
             "ticks": ""
            },
            "type": "choropleth"
           }
          ],
          "contour": [
           {
            "colorbar": {
             "outlinewidth": 0,
             "ticks": ""
            },
            "colorscale": [
             [
              0,
              "#0d0887"
             ],
             [
              0.1111111111111111,
              "#46039f"
             ],
             [
              0.2222222222222222,
              "#7201a8"
             ],
             [
              0.3333333333333333,
              "#9c179e"
             ],
             [
              0.4444444444444444,
              "#bd3786"
             ],
             [
              0.5555555555555556,
              "#d8576b"
             ],
             [
              0.6666666666666666,
              "#ed7953"
             ],
             [
              0.7777777777777778,
              "#fb9f3a"
             ],
             [
              0.8888888888888888,
              "#fdca26"
             ],
             [
              1,
              "#f0f921"
             ]
            ],
            "type": "contour"
           }
          ],
          "contourcarpet": [
           {
            "colorbar": {
             "outlinewidth": 0,
             "ticks": ""
            },
            "type": "contourcarpet"
           }
          ],
          "heatmap": [
           {
            "colorbar": {
             "outlinewidth": 0,
             "ticks": ""
            },
            "colorscale": [
             [
              0,
              "#0d0887"
             ],
             [
              0.1111111111111111,
              "#46039f"
             ],
             [
              0.2222222222222222,
              "#7201a8"
             ],
             [
              0.3333333333333333,
              "#9c179e"
             ],
             [
              0.4444444444444444,
              "#bd3786"
             ],
             [
              0.5555555555555556,
              "#d8576b"
             ],
             [
              0.6666666666666666,
              "#ed7953"
             ],
             [
              0.7777777777777778,
              "#fb9f3a"
             ],
             [
              0.8888888888888888,
              "#fdca26"
             ],
             [
              1,
              "#f0f921"
             ]
            ],
            "type": "heatmap"
           }
          ],
          "heatmapgl": [
           {
            "colorbar": {
             "outlinewidth": 0,
             "ticks": ""
            },
            "colorscale": [
             [
              0,
              "#0d0887"
             ],
             [
              0.1111111111111111,
              "#46039f"
             ],
             [
              0.2222222222222222,
              "#7201a8"
             ],
             [
              0.3333333333333333,
              "#9c179e"
             ],
             [
              0.4444444444444444,
              "#bd3786"
             ],
             [
              0.5555555555555556,
              "#d8576b"
             ],
             [
              0.6666666666666666,
              "#ed7953"
             ],
             [
              0.7777777777777778,
              "#fb9f3a"
             ],
             [
              0.8888888888888888,
              "#fdca26"
             ],
             [
              1,
              "#f0f921"
             ]
            ],
            "type": "heatmapgl"
           }
          ],
          "histogram": [
           {
            "marker": {
             "pattern": {
              "fillmode": "overlay",
              "size": 10,
              "solidity": 0.2
             }
            },
            "type": "histogram"
           }
          ],
          "histogram2d": [
           {
            "colorbar": {
             "outlinewidth": 0,
             "ticks": ""
            },
            "colorscale": [
             [
              0,
              "#0d0887"
             ],
             [
              0.1111111111111111,
              "#46039f"
             ],
             [
              0.2222222222222222,
              "#7201a8"
             ],
             [
              0.3333333333333333,
              "#9c179e"
             ],
             [
              0.4444444444444444,
              "#bd3786"
             ],
             [
              0.5555555555555556,
              "#d8576b"
             ],
             [
              0.6666666666666666,
              "#ed7953"
             ],
             [
              0.7777777777777778,
              "#fb9f3a"
             ],
             [
              0.8888888888888888,
              "#fdca26"
             ],
             [
              1,
              "#f0f921"
             ]
            ],
            "type": "histogram2d"
           }
          ],
          "histogram2dcontour": [
           {
            "colorbar": {
             "outlinewidth": 0,
             "ticks": ""
            },
            "colorscale": [
             [
              0,
              "#0d0887"
             ],
             [
              0.1111111111111111,
              "#46039f"
             ],
             [
              0.2222222222222222,
              "#7201a8"
             ],
             [
              0.3333333333333333,
              "#9c179e"
             ],
             [
              0.4444444444444444,
              "#bd3786"
             ],
             [
              0.5555555555555556,
              "#d8576b"
             ],
             [
              0.6666666666666666,
              "#ed7953"
             ],
             [
              0.7777777777777778,
              "#fb9f3a"
             ],
             [
              0.8888888888888888,
              "#fdca26"
             ],
             [
              1,
              "#f0f921"
             ]
            ],
            "type": "histogram2dcontour"
           }
          ],
          "mesh3d": [
           {
            "colorbar": {
             "outlinewidth": 0,
             "ticks": ""
            },
            "type": "mesh3d"
           }
          ],
          "parcoords": [
           {
            "line": {
             "colorbar": {
              "outlinewidth": 0,
              "ticks": ""
             }
            },
            "type": "parcoords"
           }
          ],
          "pie": [
           {
            "automargin": true,
            "type": "pie"
           }
          ],
          "scatter": [
           {
            "fillpattern": {
             "fillmode": "overlay",
             "size": 10,
             "solidity": 0.2
            },
            "type": "scatter"
           }
          ],
          "scatter3d": [
           {
            "line": {
             "colorbar": {
              "outlinewidth": 0,
              "ticks": ""
             }
            },
            "marker": {
             "colorbar": {
              "outlinewidth": 0,
              "ticks": ""
             }
            },
            "type": "scatter3d"
           }
          ],
          "scattercarpet": [
           {
            "marker": {
             "colorbar": {
              "outlinewidth": 0,
              "ticks": ""
             }
            },
            "type": "scattercarpet"
           }
          ],
          "scattergeo": [
           {
            "marker": {
             "colorbar": {
              "outlinewidth": 0,
              "ticks": ""
             }
            },
            "type": "scattergeo"
           }
          ],
          "scattergl": [
           {
            "marker": {
             "colorbar": {
              "outlinewidth": 0,
              "ticks": ""
             }
            },
            "type": "scattergl"
           }
          ],
          "scattermapbox": [
           {
            "marker": {
             "colorbar": {
              "outlinewidth": 0,
              "ticks": ""
             }
            },
            "type": "scattermapbox"
           }
          ],
          "scatterpolar": [
           {
            "marker": {
             "colorbar": {
              "outlinewidth": 0,
              "ticks": ""
             }
            },
            "type": "scatterpolar"
           }
          ],
          "scatterpolargl": [
           {
            "marker": {
             "colorbar": {
              "outlinewidth": 0,
              "ticks": ""
             }
            },
            "type": "scatterpolargl"
           }
          ],
          "scatterternary": [
           {
            "marker": {
             "colorbar": {
              "outlinewidth": 0,
              "ticks": ""
             }
            },
            "type": "scatterternary"
           }
          ],
          "surface": [
           {
            "colorbar": {
             "outlinewidth": 0,
             "ticks": ""
            },
            "colorscale": [
             [
              0,
              "#0d0887"
             ],
             [
              0.1111111111111111,
              "#46039f"
             ],
             [
              0.2222222222222222,
              "#7201a8"
             ],
             [
              0.3333333333333333,
              "#9c179e"
             ],
             [
              0.4444444444444444,
              "#bd3786"
             ],
             [
              0.5555555555555556,
              "#d8576b"
             ],
             [
              0.6666666666666666,
              "#ed7953"
             ],
             [
              0.7777777777777778,
              "#fb9f3a"
             ],
             [
              0.8888888888888888,
              "#fdca26"
             ],
             [
              1,
              "#f0f921"
             ]
            ],
            "type": "surface"
           }
          ],
          "table": [
           {
            "cells": {
             "fill": {
              "color": "#EBF0F8"
             },
             "line": {
              "color": "white"
             }
            },
            "header": {
             "fill": {
              "color": "#C8D4E3"
             },
             "line": {
              "color": "white"
             }
            },
            "type": "table"
           }
          ]
         },
         "layout": {
          "annotationdefaults": {
           "arrowcolor": "#2a3f5f",
           "arrowhead": 0,
           "arrowwidth": 1
          },
          "autotypenumbers": "strict",
          "coloraxis": {
           "colorbar": {
            "outlinewidth": 0,
            "ticks": ""
           }
          },
          "colorscale": {
           "diverging": [
            [
             0,
             "#8e0152"
            ],
            [
             0.1,
             "#c51b7d"
            ],
            [
             0.2,
             "#de77ae"
            ],
            [
             0.3,
             "#f1b6da"
            ],
            [
             0.4,
             "#fde0ef"
            ],
            [
             0.5,
             "#f7f7f7"
            ],
            [
             0.6,
             "#e6f5d0"
            ],
            [
             0.7,
             "#b8e186"
            ],
            [
             0.8,
             "#7fbc41"
            ],
            [
             0.9,
             "#4d9221"
            ],
            [
             1,
             "#276419"
            ]
           ],
           "sequential": [
            [
             0,
             "#0d0887"
            ],
            [
             0.1111111111111111,
             "#46039f"
            ],
            [
             0.2222222222222222,
             "#7201a8"
            ],
            [
             0.3333333333333333,
             "#9c179e"
            ],
            [
             0.4444444444444444,
             "#bd3786"
            ],
            [
             0.5555555555555556,
             "#d8576b"
            ],
            [
             0.6666666666666666,
             "#ed7953"
            ],
            [
             0.7777777777777778,
             "#fb9f3a"
            ],
            [
             0.8888888888888888,
             "#fdca26"
            ],
            [
             1,
             "#f0f921"
            ]
           ],
           "sequentialminus": [
            [
             0,
             "#0d0887"
            ],
            [
             0.1111111111111111,
             "#46039f"
            ],
            [
             0.2222222222222222,
             "#7201a8"
            ],
            [
             0.3333333333333333,
             "#9c179e"
            ],
            [
             0.4444444444444444,
             "#bd3786"
            ],
            [
             0.5555555555555556,
             "#d8576b"
            ],
            [
             0.6666666666666666,
             "#ed7953"
            ],
            [
             0.7777777777777778,
             "#fb9f3a"
            ],
            [
             0.8888888888888888,
             "#fdca26"
            ],
            [
             1,
             "#f0f921"
            ]
           ]
          },
          "colorway": [
           "#636efa",
           "#EF553B",
           "#00cc96",
           "#ab63fa",
           "#FFA15A",
           "#19d3f3",
           "#FF6692",
           "#B6E880",
           "#FF97FF",
           "#FECB52"
          ],
          "font": {
           "color": "#2a3f5f"
          },
          "geo": {
           "bgcolor": "white",
           "lakecolor": "white",
           "landcolor": "#E5ECF6",
           "showlakes": true,
           "showland": true,
           "subunitcolor": "white"
          },
          "hoverlabel": {
           "align": "left"
          },
          "hovermode": "closest",
          "mapbox": {
           "style": "light"
          },
          "paper_bgcolor": "white",
          "plot_bgcolor": "#E5ECF6",
          "polar": {
           "angularaxis": {
            "gridcolor": "white",
            "linecolor": "white",
            "ticks": ""
           },
           "bgcolor": "#E5ECF6",
           "radialaxis": {
            "gridcolor": "white",
            "linecolor": "white",
            "ticks": ""
           }
          },
          "scene": {
           "xaxis": {
            "backgroundcolor": "#E5ECF6",
            "gridcolor": "white",
            "gridwidth": 2,
            "linecolor": "white",
            "showbackground": true,
            "ticks": "",
            "zerolinecolor": "white"
           },
           "yaxis": {
            "backgroundcolor": "#E5ECF6",
            "gridcolor": "white",
            "gridwidth": 2,
            "linecolor": "white",
            "showbackground": true,
            "ticks": "",
            "zerolinecolor": "white"
           },
           "zaxis": {
            "backgroundcolor": "#E5ECF6",
            "gridcolor": "white",
            "gridwidth": 2,
            "linecolor": "white",
            "showbackground": true,
            "ticks": "",
            "zerolinecolor": "white"
           }
          },
          "shapedefaults": {
           "line": {
            "color": "#2a3f5f"
           }
          },
          "ternary": {
           "aaxis": {
            "gridcolor": "white",
            "linecolor": "white",
            "ticks": ""
           },
           "baxis": {
            "gridcolor": "white",
            "linecolor": "white",
            "ticks": ""
           },
           "bgcolor": "#E5ECF6",
           "caxis": {
            "gridcolor": "white",
            "linecolor": "white",
            "ticks": ""
           }
          },
          "title": {
           "x": 0.05
          },
          "xaxis": {
           "automargin": true,
           "gridcolor": "white",
           "linecolor": "white",
           "ticks": "",
           "title": {
            "standoff": 15
           },
           "zerolinecolor": "white",
           "zerolinewidth": 2
          },
          "yaxis": {
           "automargin": true,
           "gridcolor": "white",
           "linecolor": "white",
           "ticks": "",
           "title": {
            "standoff": 15
           },
           "zerolinecolor": "white",
           "zerolinewidth": 2
          }
         }
        },
        "title": {
         "font": {
          "size": 20
         },
         "text": "Korrelations- und Kovarianzmatrix",
         "x": 0.5,
         "y": 0.95
        },
        "width": 1100,
        "xaxis": {
         "anchor": "y",
         "domain": [
          0,
          0.45
         ]
        },
        "xaxis2": {
         "anchor": "y2",
         "domain": [
          0.55,
          1
         ]
        },
        "yaxis": {
         "anchor": "x",
         "domain": [
          0,
          1
         ],
         "scaleanchor": "x"
        },
        "yaxis2": {
         "anchor": "x2",
         "domain": [
          0,
          1
         ],
         "scaleanchor": "x2"
        }
       }
      }
     },
     "metadata": {},
     "output_type": "display_data"
    }
   ],
   "source": [
    "import plotly.graph_objs as go\n",
    "from plotly.subplots import make_subplots\n",
    "\n",
    "data_selection = data_selection[['Wahl', 'ID3', 'ID2', 'ID1', 'IM4', 'IM3', 'IM2', 'IM1', 'MS2', 'MS1']]\n",
    "# Create trace for correlation matrix\n",
    "trace1 = go.Heatmap(z=data_selection.corr(), x=data_selection.columns, y=data_selection.columns, coloraxis='coloraxis', text=data_selection.corr().round(2),texttemplate=\"%{text}\")\n",
    "\n",
    "# Create trace for covariance matrix\n",
    "trace2 = go.Heatmap(z=data_selection.cov(), x=data_selection.columns, y=data_selection.columns, coloraxis='coloraxis', text=data_selection.cov().round(2),texttemplate=\"%{text}\")\n",
    "\n",
    "# Create subplot figure\n",
    "fig = make_subplots(rows=1, cols=2, subplot_titles=('Korrelationsmatrix', 'Kovarianzmatrix'))\n",
    "\n",
    "# Add traces to subplot figure\n",
    "fig.add_trace(trace1, row=1, col=1)\n",
    "fig.add_trace(trace2, row=1, col=2)\n",
    "\n",
    "# Update subplot layout\n",
    "fig.update_layout(\n",
    "    coloraxis = {'colorscale':'RdBu'},\n",
    "    yaxis = dict(scaleanchor = 'x'),\n",
    "    yaxis2 = dict(scaleanchor = 'x2'),\n",
    "    plot_bgcolor='rgba(0,0,0,0)',\n",
    "    height=600, width=1100, title_text='Korrelations- und Kovarianzmatrix', title_x=0.5, title_y=0.95, title_font_size=20)\n",
    "\n",
    "# Show plot\n",
    "fig.show()\n"
   ]
  },
  {
   "cell_type": "code",
   "execution_count": 15,
   "metadata": {},
   "outputs": [
    {
     "data": {
      "application/vnd.plotly.v1+json": {
       "config": {
        "plotlyServerURL": "https://plot.ly"
       },
       "data": [
        {
         "coloraxis": "coloraxis",
         "type": "heatmap",
         "x": [
          "Wahl",
          "ID3",
          "ID2",
          "ID1",
          "IM4",
          "IM3",
          "IM2",
          "IM1",
          "MS2",
          "MS1"
         ],
         "xaxis": "x",
         "y": [
          "Wahl",
          "ID3",
          "ID2",
          "ID1",
          "IM4",
          "IM3",
          "IM2",
          "IM1",
          "MS2",
          "MS1"
         ],
         "yaxis": "y",
         "z": [
          [
           1,
           -0.11494204598161195,
           -0.12769655555672502,
           -0.14239255818909083,
           -0.031046313528150196,
           -0.07633749620949612,
           -0.06897809784392629,
           -0.0031613670027392437,
           -0.10653625388869654,
           -0.1500441956988715
          ],
          [
           -0.11494204598161195,
           1,
           0.40474945707375004,
           0.6206769599049143,
           0.3704982973045031,
           0.3667657801616501,
           0.3726201776798235,
           0.3255174101088038,
           0.3814688047256103,
           0.44535337624285054
          ],
          [
           -0.12769655555672502,
           0.40474945707375004,
           1,
           0.5118643734441221,
           0.19821481378574377,
           0.2205216896593105,
           0.2157729308630592,
           0.18063995965998453,
           0.22256878859956405,
           0.25125946135594085
          ],
          [
           -0.14239255818909083,
           0.6206769599049143,
           0.5118643734441221,
           1,
           0.3340626426184654,
           0.35476470042902336,
           0.3591878374915713,
           0.29182538503106353,
           0.41639418202380835,
           0.4796527954196642
          ],
          [
           -0.031046313528150196,
           0.3704982973045031,
           0.19821481378574377,
           0.3340626426184654,
           1,
           0.5629656019342075,
           0.5853733394748182,
           0.5851816597284208,
           0.34300048686992896,
           0.3806726534279046
          ],
          [
           -0.07633749620949612,
           0.3667657801616501,
           0.2205216896593105,
           0.35476470042902336,
           0.5629656019342075,
           1,
           0.5746351175160064,
           0.5046539783935773,
           0.35929469253756235,
           0.39671198964574744
          ],
          [
           -0.06897809784392629,
           0.3726201776798235,
           0.2157729308630592,
           0.3591878374915713,
           0.5853733394748182,
           0.5746351175160064,
           1,
           0.5761352179410494,
           0.37012514502507393,
           0.4125393388965233
          ],
          [
           -0.0031613670027392437,
           0.3255174101088038,
           0.18063995965998453,
           0.29182538503106353,
           0.5851816597284208,
           0.5046539783935773,
           0.5761352179410494,
           1,
           0.2862545687257406,
           0.3045006206744803
          ],
          [
           -0.10653625388869654,
           0.3814688047256103,
           0.22256878859956405,
           0.41639418202380835,
           0.34300048686992896,
           0.35929469253756235,
           0.37012514502507393,
           0.2862545687257406,
           1,
           0.6280124190804579
          ],
          [
           -0.1500441956988715,
           0.44535337624285054,
           0.25125946135594085,
           0.4796527954196642,
           0.3806726534279046,
           0.39671198964574744,
           0.4125393388965233,
           0.3045006206744803,
           0.6280124190804579,
           1
          ]
         ]
        },
        {
         "coloraxis": "coloraxis",
         "type": "heatmap",
         "x": [
          "Wahl",
          "ID3",
          "ID2",
          "ID1",
          "IM4",
          "IM3",
          "IM2",
          "IM1",
          "MS2",
          "MS1"
         ],
         "xaxis": "x2",
         "y": [
          "Wahl",
          "ID3",
          "ID2",
          "ID1",
          "IM4",
          "IM3",
          "IM2",
          "IM1",
          "MS2",
          "MS1"
         ],
         "yaxis": "y2",
         "z": [
          [
           0.2478504166276035,
           -0.05071260426864274,
           -0.0543126468466469,
           -0.06344100712393586,
           -0.011773539518448997,
