{
 "cells": [
  {
   "cell_type": "code",
   "execution_count": 2,
   "metadata": {},
   "outputs": [],
   "source": [
    "import pandas as pd\n",
    "import numpy as np\n",
    "import plotly.express as px\n",
    "import plotly.graph_objects as go\n",
    "# import pca\n",
    "from sklearn.decomposition import PCA, FactorAnalysis\n",
    "\n",
    "# Read in the data\n",
    "data = pd.read_stata('Cecilia/Eurobarometer_91_5.dta', convert_categoricals=False)\n",
    "q_selection = ['qf1', 'qf2', 'qa10_1', 'qa10_2', 'qa10_3', 'qa10_6', 'qd1a_3', 'qd2_1', 'qd2_2','qg1']\n",
    "data_selection = data[q_selection]\n",
    "for q in ['qf1','qf2']:\n",
    "    mask = data_selection[q]==2\n",
    "    data_selection.loc[data_selection[q]==3, q] = 2\n",
    "    data_selection.loc[mask, q] = 3\n",
    "    data_selection.loc[data_selection[q]>3, q] = np.nan\n",
    "\n",
    "data_selection.loc[data_selection['qg1']==2, 'qg1'] = 0\n",
    "\n",
    "for q in ['qa10_1','qa10_2','qa10_3','qa10_6','qd1a_3','qd2_1','qd2_2']:\n",
    "    data_selection.loc[data_selection['qg1'].isna(), q] = np.nan\n",
    "    data_selection.loc[data_selection[q]>4, q] = np.nan"
   ]
  },
  {
   "cell_type": "code",
   "execution_count": 3,
   "metadata": {},
   "outputs": [
    {
     "data": {
      "text/html": [
       "<div>\n",
       "<style scoped>\n",
       "    .dataframe tbody tr th:only-of-type {\n",
       "        vertical-align: middle;\n",
       "    }\n",
       "\n",
       "    .dataframe tbody tr th {\n",
       "        vertical-align: top;\n",
       "    }\n",
       "\n",
       "    .dataframe thead th {\n",
       "        text-align: right;\n",
       "    }\n",
       "</style>\n",
       "<table border=\"1\" class=\"dataframe\">\n",
       "  <thead>\n",
       "    <tr style=\"text-align: right;\">\n",
       "      <th></th>\n",
       "      <th>qf1</th>\n",
       "      <th>qf2</th>\n",
       "      <th>qa10_1</th>\n",
       "      <th>qa10_2</th>\n",
       "      <th>qa10_3</th>\n",
       "      <th>qa10_6</th>\n",
       "      <th>qd1a_3</th>\n",
       "      <th>qd2_1</th>\n",
       "      <th>qd2_2</th>\n",
       "      <th>qg1</th>\n",
       "    </tr>\n",
       "  </thead>\n",
       "  <tbody>\n",
       "    <tr>\n",
       "      <th>count</th>\n",
       "      <td>27076.000000</td>\n",
       "      <td>25721.000000</td>\n",
       "      <td>25544.000000</td>\n",
       "      <td>25731.000000</td>\n",
       "      <td>25300.000000</td>\n",
       "      <td>24928.000000</td>\n",
       "      <td>26897.000000</td>\n",
       "      <td>27167.000000</td>\n",
       "      <td>27095.000000</td>\n",
       "      <td>27464.000000</td>\n",
       "    </tr>\n",
       "    <tr>\n",
       "      <th>mean</th>\n",
       "      <td>1.488625</td>\n",
       "      <td>1.432992</td>\n",
       "      <td>2.149820</td>\n",
       "      <td>2.119894</td>\n",
       "      <td>2.255455</td>\n",
       "      <td>2.248195</td>\n",
       "      <td>2.333309</td>\n",
       "      <td>1.977914</td>\n",
       "      <td>2.347407</td>\n",
       "      <td>0.546461</td>\n",
       "    </tr>\n",
       "    <tr>\n",
       "      <th>std</th>\n",
       "      <td>0.675915</td>\n",
       "      <td>0.820252</td>\n",
       "      <td>0.733899</td>\n",
       "      <td>0.751501</td>\n",
       "      <td>0.778937</td>\n",
       "      <td>0.764253</td>\n",
       "      <td>0.886957</td>\n",
       "      <td>0.895413</td>\n",
       "      <td>0.854837</td>\n",
       "      <td>0.497846</td>\n",
       "    </tr>\n",
       "    <tr>\n",
       "      <th>min</th>\n",
       "      <td>1.000000</td>\n",
       "      <td>1.000000</td>\n",
       "      <td>1.000000</td>\n",
       "      <td>1.000000</td>\n",
       "      <td>1.000000</td>\n",
       "      <td>1.000000</td>\n",
       "      <td>1.000000</td>\n",
       "      <td>1.000000</td>\n",
       "      <td>1.000000</td>\n",
       "      <td>0.000000</td>\n",
       "    </tr>\n",
       "    <tr>\n",
       "      <th>25%</th>\n",
       "      <td>1.000000</td>\n",
       "      <td>1.000000</td>\n",
       "      <td>2.000000</td>\n",
       "      <td>2.000000</td>\n",
       "      <td>2.000000</td>\n",
       "      <td>2.000000</td>\n",
       "      <td>2.000000</td>\n",
       "      <td>1.000000</td>\n",
       "      <td>2.000000</td>\n",
       "      <td>0.000000</td>\n",
       "    </tr>\n",
       "    <tr>\n",
       "      <th>50%</th>\n",
       "      <td>1.000000</td>\n",
       "      <td>1.000000</td>\n",
       "      <td>2.000000</td>\n",
       "      <td>2.000000</td>\n",
       "      <td>2.000000</td>\n",
       "      <td>2.000000</td>\n",
       "      <td>2.000000</td>\n",
       "      <td>2.000000</td>\n",
       "      <td>2.000000</td>\n",
       "      <td>1.000000</td>\n",
       "    </tr>\n",
       "    <tr>\n",
       "      <th>75%</th>\n",
       "      <td>2.000000</td>\n",
       "      <td>1.000000</td>\n",
       "      <td>3.000000</td>\n",
       "      <td>2.000000</td>\n",
       "      <td>3.000000</td>\n",
       "      <td>3.000000</td>\n",
       "      <td>3.000000</td>\n",
       "      <td>2.000000</td>\n",
       "      <td>3.000000</td>\n",
       "      <td>1.000000</td>\n",
       "    </tr>\n",
       "    <tr>\n",
       "      <th>max</th>\n",
       "      <td>3.000000</td>\n",
       "      <td>3.000000</td>\n",
       "      <td>4.000000</td>\n",
       "      <td>4.000000</td>\n",
       "      <td>4.000000</td>\n",
       "      <td>4.000000</td>\n",
       "      <td>4.000000</td>\n",
       "      <td>4.000000</td>\n",
       "      <td>4.000000</td>\n",
       "      <td>1.000000</td>\n",
       "    </tr>\n",
       "  </tbody>\n",
       "</table>\n",
       "</div>"
      ],
      "text/plain": [
       "                qf1           qf2        qa10_1        qa10_2        qa10_3   \n",
       "count  27076.000000  25721.000000  25544.000000  25731.000000  25300.000000  \\\n",
       "mean       1.488625      1.432992      2.149820      2.119894      2.255455   \n",
       "std        0.675915      0.820252      0.733899      0.751501      0.778937   \n",
       "min        1.000000      1.000000      1.000000      1.000000      1.000000   \n",
       "25%        1.000000      1.000000      2.000000      2.000000      2.000000   \n",
       "50%        1.000000      1.000000      2.000000      2.000000      2.000000   \n",
       "75%        2.000000      1.000000      3.000000      2.000000      3.000000   \n",
       "max        3.000000      3.000000      4.000000      4.000000      4.000000   \n",
       "\n",
       "             qa10_6        qd1a_3         qd2_1         qd2_2           qg1  \n",
       "count  24928.000000  26897.000000  27167.000000  27095.000000  27464.000000  \n",
       "mean       2.248195      2.333309      1.977914      2.347407      0.546461  \n",
       "std        0.764253      0.886957      0.895413      0.854837      0.497846  \n",
       "min        1.000000      1.000000      1.000000      1.000000      0.000000  \n",
       "25%        2.000000      2.000000      1.000000      2.000000      0.000000  \n",
       "50%        2.000000      2.000000      2.000000      2.000000      1.000000  \n",
       "75%        3.000000      3.000000      2.000000      3.000000      1.000000  \n",
       "max        4.000000      4.000000      4.000000      4.000000      1.000000  "
      ]
     },
     "execution_count": 3,
     "metadata": {},
     "output_type": "execute_result"
    }
   ],
   "source": [
    "data_selection.describe()"
   ]
  },
  {
   "cell_type": "code",
   "execution_count": 14,
   "metadata": {},
   "outputs": [
    {
     "data": {
      "application/vnd.plotly.v1+json": {
       "config": {
        "plotlyServerURL": "https://plot.ly"
       },
       "data": [
        {
         "coloraxis": "coloraxis",
         "hovertemplate": "x: %{x}<br>y: %{y}<br>color: %{z}<extra></extra>",
         "name": "0",
         "texttemplate": "%{z:.2f}",
         "type": "heatmap",
         "x": [
          "qf1",
          "qf2",
          "qa10_1",
          "qa10_2",
          "qa10_3",
          "qa10_6",
          "qd1a_3",
          "qd2_1",
          "qd2_2",
          "qg1"
         ],
         "xaxis": "x",
         "y": [
          "qf1",
          "qf2",
          "qa10_1",
          "qa10_2",
          "qa10_3",
          "qa10_6",
          "qd1a_3",
          "qd2_1",
          "qd2_2",
          "qg1"
         ],
         "yaxis": "y",
         "z": [
          [
           1,
           0.6280124190804578,
           0.3045006206744803,
           0.41253933889652333,
           0.3967119896457475,
           0.3806726534279045,
           0.44535337624285065,
           0.4796527954196642,
           0.2512594613559408,
           -0.1500441956988715
          ],
          [
           0.6280124190804578,
           1,
           0.2862545687257407,
           0.37012514502507393,
           0.35929469253756235,
           0.3430004868699289,
           0.3814688047256101,
           0.4163941820238084,
           0.22256878859956397,
           -0.1065362538886965
          ],
          [
           0.3045006206744803,
           0.2862545687257407,
           1,
           0.5761352179410494,
           0.5046539783935773,
           0.5851816597284211,
           0.3255174101088038,
           0.29182538503106353,
           0.1806399596599845,
           -0.0031613670027392446
          ],
          [
           0.41253933889652333,
           0.37012514502507393,
           0.5761352179410494,
           1,
           0.5746351175160065,
           0.5853733394748182,
           0.3726201776798236,
           0.3591878374915714,
           0.21577293086305907,
           -0.06897809784392628
          ],
          [
           0.3967119896457475,
           0.35929469253756235,
           0.5046539783935773,
           0.5746351175160065,
           1,
           0.5629656019342075,
           0.36676578016165023,
           0.35476470042902336,
           0.22052168965931043,
           -0.07633749620949612
          ],
          [
           0.3806726534279045,
           0.3430004868699289,
           0.5851816597284211,
           0.5853733394748182,
           0.5629656019342075,
           1,
           0.3704982973045031,
           0.3340626426184656,
           0.19821481378574382,
           -0.03104631352815023
          ],
          [
           0.44535337624285065,
           0.3814688047256101,
           0.3255174101088038,
           0.3726201776798236,
           0.36676578016165023,
           0.3704982973045031,
           1,
           0.6206769599049143,
           0.40474945707375004,
           -0.11494204598161199
          ],
          [
           0.4796527954196642,
           0.4163941820238084,
           0.29182538503106353,
           0.3591878374915714,
           0.35476470042902336,
           0.3340626426184656,
           0.6206769599049143,
           1,
           0.511864373444122,
           -0.1423925581890908
          ],
          [
           0.2512594613559408,
           0.22256878859956397,
           0.1806399596599845,
           0.21577293086305907,
           0.22052168965931043,
           0.19821481378574382,
           0.40474945707375004,
           0.511864373444122,
           1,
           -0.12769655555672502
          ],
          [
           -0.1500441956988715,
           -0.1065362538886965,
           -0.0031613670027392446,
           -0.06897809784392628,
           -0.07633749620949612,
           -0.03104631352815023,
           -0.11494204598161199,
           -0.1423925581890908,
           -0.12769655555672502,
           1
          ]
         ]
        }
       ],
       "layout": {
        "coloraxis": {
         "colorscale": [
          [
           0,
           "rgb(103,0,31)"
          ],
          [
           0.1,
           "rgb(178,24,43)"
          ],
          [
           0.2,
           "rgb(214,96,77)"
          ],
          [
           0.3,
           "rgb(244,165,130)"
          ],
          [
           0.4,
           "rgb(253,219,199)"
          ],
          [
           0.5,
           "rgb(247,247,247)"
          ],
          [
           0.6,
           "rgb(209,229,240)"
          ],
          [
           0.7,
           "rgb(146,197,222)"
          ],
          [
           0.8,
           "rgb(67,147,195)"
          ],
          [
           0.9,
           "rgb(33,102,172)"
          ],
          [
           1,
           "rgb(5,48,97)"
          ]
         ]
        },
        "template": {
         "data": {
          "bar": [
           {
            "error_x": {
             "color": "#2a3f5f"
            },
            "error_y": {
             "color": "#2a3f5f"
            },
            "marker": {
             "line": {
              "color": "#E5ECF6",
              "width": 0.5
             },
             "pattern": {
              "fillmode": "overlay",
              "size": 10,
              "solidity": 0.2
             }
            },
            "type": "bar"
           }
          ],
          "barpolar": [
           {
            "marker": {
             "line": {
              "color": "#E5ECF6",
              "width": 0.5
             },
             "pattern": {
              "fillmode": "overlay",
              "size": 10,
              "solidity": 0.2
             }
            },
            "type": "barpolar"
           }
          ],
          "carpet": [
           {
            "aaxis": {
             "endlinecolor": "#2a3f5f",
             "gridcolor": "white",
             "linecolor": "white",
             "minorgridcolor": "white",
             "startlinecolor": "#2a3f5f"
            },
            "baxis": {
             "endlinecolor": "#2a3f5f",
             "gridcolor": "white",
             "linecolor": "white",
             "minorgridcolor": "white",
             "startlinecolor": "#2a3f5f"
            },
            "type": "carpet"
           }
          ],
          "choropleth": [
           {
            "colorbar": {
             "outlinewidth": 0,
             "ticks": ""
            },
            "type": "choropleth"
           }
          ],
          "contour": [
           {
            "colorbar": {
             "outlinewidth": 0,
             "ticks": ""
            },
            "colorscale": [
             [
              0,
              "#0d0887"
             ],
             [
              0.1111111111111111,
              "#46039f"
             ],
             [
              0.2222222222222222,
              "#7201a8"
             ],
             [
              0.3333333333333333,
              "#9c179e"
             ],
             [
              0.4444444444444444,
              "#bd3786"
             ],
             [
              0.5555555555555556,
              "#d8576b"
             ],
             [
              0.6666666666666666,
              "#ed7953"
             ],
             [
              0.7777777777777778,
              "#fb9f3a"
             ],
             [
              0.8888888888888888,
              "#fdca26"
             ],
             [
              1,
              "#f0f921"
             ]
            ],
            "type": "contour"
           }
          ],
          "contourcarpet": [
           {
            "colorbar": {
             "outlinewidth": 0,
             "ticks": ""
            },
            "type": "contourcarpet"
           }
          ],
          "heatmap": [
           {
            "colorbar": {
             "outlinewidth": 0,
             "ticks": ""
            },
            "colorscale": [
             [
              0,
              "#0d0887"
             ],
             [
              0.1111111111111111,
              "#46039f"
             ],
             [
              0.2222222222222222,
              "#7201a8"
             ],
             [
              0.3333333333333333,
              "#9c179e"
             ],
             [
              0.4444444444444444,
              "#bd3786"
             ],
             [
              0.5555555555555556,
              "#d8576b"
             ],
             [
              0.6666666666666666,
              "#ed7953"
             ],
             [
              0.7777777777777778,
              "#fb9f3a"
             ],
             [
              0.8888888888888888,
              "#fdca26"
             ],
             [
              1,
              "#f0f921"
             ]
            ],
            "type": "heatmap"
           }
          ],
          "heatmapgl": [
           {
            "colorbar": {
             "outlinewidth": 0,
             "ticks": ""
            },
            "colorscale": [
             [
              0,
              "#0d0887"
             ],
             [
              0.1111111111111111,
              "#46039f"
             ],
             [
              0.2222222222222222,
              "#7201a8"
             ],
             [
              0.3333333333333333,
              "#9c179e"
             ],
             [
              0.4444444444444444,
              "#bd3786"
             ],
             [
              0.5555555555555556,
              "#d8576b"
             ],
             [
              0.6666666666666666,
              "#ed7953"
             ],
             [
              0.7777777777777778,
              "#fb9f3a"
             ],
             [
              0.8888888888888888,
              "#fdca26"
             ],
             [
              1,
              "#f0f921"
             ]
            ],
            "type": "heatmapgl"
           }
          ],
          "histogram": [
           {
            "marker": {
             "pattern": {
              "fillmode": "overlay",
              "size": 10,
              "solidity": 0.2
             }
            },
            "type": "histogram"
           }
          ],
          "histogram2d": [
           {
            "colorbar": {
             "outlinewidth": 0,
             "ticks": ""
            },
            "colorscale": [
             [
              0,
              "#0d0887"
             ],
             [
              0.1111111111111111,
              "#46039f"
             ],
             [
              0.2222222222222222,
              "#7201a8"
             ],
             [
              0.3333333333333333,
              "#9c179e"
             ],
             [
              0.4444444444444444,
              "#bd3786"
             ],
             [
              0.5555555555555556,
              "#d8576b"
             ],
             [
              0.6666666666666666,
              "#ed7953"
             ],
             [
              0.7777777777777778,
              "#fb9f3a"
             ],
             [
              0.8888888888888888,
              "#fdca26"
             ],
             [
              1,
              "#f0f921"
             ]
            ],
            "type": "histogram2d"
           }
          ],
          "histogram2dcontour": [
           {
            "colorbar": {
             "outlinewidth": 0,
             "ticks": ""
            },
            "colorscale": [
             [
              0,
              "#0d0887"
             ],
             [
              0.1111111111111111,
              "#46039f"
             ],
             [
              0.2222222222222222,
              "#7201a8"
             ],
             [
              0.3333333333333333,
              "#9c179e"
             ],
             [
              0.4444444444444444,
              "#bd3786"
             ],
             [
              0.5555555555555556,
              "#d8576b"
             ],
             [
              0.6666666666666666,
              "#ed7953"
             ],
             [
              0.7777777777777778,
              "#fb9f3a"
             ],
             [
              0.8888888888888888,
              "#fdca26"
             ],
             [
              1,
              "#f0f921"
             ]
            ],
            "type": "histogram2dcontour"
           }
          ],
          "mesh3d": [
           {
            "colorbar": {
             "outlinewidth": 0,
             "ticks": ""
            },
            "type": "mesh3d"
           }
          ],
          "parcoords": [
           {
            "line": {
             "colorbar": {
              "outlinewidth": 0,
              "ticks": ""
             }
            },
            "type": "parcoords"
           }
          ],
          "pie": [
           {
            "automargin": true,
            "type": "pie"
           }
          ],
          "scatter": [
           {
            "fillpattern": {
             "fillmode": "overlay",
             "size": 10,
             "solidity": 0.2
            },
            "type": "scatter"
           }
          ],
          "scatter3d": [
           {
            "line": {
             "colorbar": {
              "outlinewidth": 0,
              "ticks": ""
             }
            },
            "marker": {
             "colorbar": {
              "outlinewidth": 0,
              "ticks": ""
             }
            },
            "type": "scatter3d"
           }
          ],
          "scattercarpet": [
           {
            "marker": {
             "colorbar": {
              "outlinewidth": 0,
              "ticks": ""
             }
            },
            "type": "scattercarpet"
           }
          ],
          "scattergeo": [
           {
            "marker": {
             "colorbar": {
              "outlinewidth": 0,
              "ticks": ""
             }
            },
            "type": "scattergeo"
           }
          ],
          "scattergl": [
           {
            "marker": {
             "colorbar": {
              "outlinewidth": 0,
              "ticks": ""
             }
            },
            "type": "scattergl"
           }
          ],
          "scattermapbox": [
           {
            "marker": {
             "colorbar": {
              "outlinewidth": 0,
              "ticks": ""
             }
            },
            "type": "scattermapbox"
           }
          ],
          "scatterpolar": [
           {
            "marker": {
             "colorbar": {
              "outlinewidth": 0,
              "ticks": ""
             }
            },
            "type": "scatterpolar"
           }
          ],
          "scatterpolargl": [
           {
            "marker": {
             "colorbar": {
              "outlinewidth": 0,
              "ticks": ""
             }
            },
            "type": "scatterpolargl"
           }
          ],
          "scatterternary": [
           {
            "marker": {
             "colorbar": {
              "outlinewidth": 0,
              "ticks": ""
             }
            },
            "type": "scatterternary"
           }
          ],
          "surface": [
           {
            "colorbar": {
             "outlinewidth": 0,
             "ticks": ""
            },
            "colorscale": [
             [
              0,
              "#0d0887"
             ],
             [
              0.1111111111111111,
              "#46039f"
             ],
             [
              0.2222222222222222,
              "#7201a8"
             ],
             [
              0.3333333333333333,
              "#9c179e"
             ],
             [
              0.4444444444444444,
              "#bd3786"
             ],
             [
              0.5555555555555556,
              "#d8576b"
             ],
             [
              0.6666666666666666,
              "#ed7953"
             ],
             [
              0.7777777777777778,
              "#fb9f3a"
             ],
             [
              0.8888888888888888,
              "#fdca26"
             ],
             [
              1,
              "#f0f921"
             ]
            ],
            "type": "surface"
           }
          ],
          "table": [
           {
            "cells": {
             "fill": {
              "color": "#EBF0F8"
             },
             "line": {
              "color": "white"
             }
            },
            "header": {
             "fill": {
              "color": "#C8D4E3"
             },
             "line": {
              "color": "white"
             }
            },
            "type": "table"
           }
          ]
         },
         "layout": {
          "annotationdefaults": {
           "arrowcolor": "#2a3f5f",
           "arrowhead": 0,
           "arrowwidth": 1
          },
          "autotypenumbers": "strict",
          "coloraxis": {
           "colorbar": {
            "outlinewidth": 0,
            "ticks": ""
           }
          },
          "colorscale": {
           "diverging": [
            [
             0,
             "#8e0152"
            ],
            [
             0.1,
             "#c51b7d"
            ],
            [
             0.2,
             "#de77ae"
            ],
            [
             0.3,
             "#f1b6da"
            ],
            [
             0.4,
             "#fde0ef"
            ],
            [
             0.5,
             "#f7f7f7"
            ],
            [
             0.6,
             "#e6f5d0"
            ],
            [
             0.7,
             "#b8e186"
            ],
            [
             0.8,
             "#7fbc41"
            ],
            [
             0.9,
             "#4d9221"
            ],
            [
             1,
             "#276419"
            ]
           ],
           "sequential": [
            [
             0,
             "#0d0887"
            ],
            [
             0.1111111111111111,
             "#46039f"
            ],
            [
             0.2222222222222222,
             "#7201a8"
            ],
            [
             0.3333333333333333,
             "#9c179e"
            ],
            [
             0.4444444444444444,
             "#bd3786"
            ],
            [
             0.5555555555555556,
             "#d8576b"
            ],
            [
             0.6666666666666666,
             "#ed7953"
            ],
            [
             0.7777777777777778,
             "#fb9f3a"
            ],
            [
             0.8888888888888888,
             "#fdca26"
            ],
            [
             1,
             "#f0f921"
            ]
           ],
           "sequentialminus": [
            [
             0,
             "#0d0887"
            ],
            [
             0.1111111111111111,
             "#46039f"
            ],
            [
             0.2222222222222222,
             "#7201a8"
            ],
            [
             0.3333333333333333,
             "#9c179e"
            ],
            [
             0.4444444444444444,
             "#bd3786"
            ],
            [
             0.5555555555555556,
             "#d8576b"
            ],
            [
             0.6666666666666666,
             "#ed7953"
            ],
            [
             0.7777777777777778,
             "#fb9f3a"
            ],
            [
             0.8888888888888888,
             "#fdca26"
            ],
            [
             1,
             "#f0f921"
            ]
           ]
          },
          "colorway": [
           "#636efa",
           "#EF553B",
           "#00cc96",
           "#ab63fa",
           "#FFA15A",
           "#19d3f3",
           "#FF6692",
           "#B6E880",
           "#FF97FF",
           "#FECB52"
          ],
          "font": {
           "color": "#2a3f5f"
          },
          "geo": {
           "bgcolor": "white",
           "lakecolor": "white",
           "landcolor": "#E5ECF6",
           "showlakes": true,
           "showland": true,
           "subunitcolor": "white"
          },
          "hoverlabel": {
           "align": "left"
          },
          "hovermode": "closest",
          "mapbox": {
           "style": "light"
          },
          "paper_bgcolor": "white",
          "plot_bgcolor": "#E5ECF6",
          "polar": {
           "angularaxis": {
            "gridcolor": "white",
            "linecolor": "white",
            "ticks": ""
           },
           "bgcolor": "#E5ECF6",
           "radialaxis": {
            "gridcolor": "white",
            "linecolor": "white",
            "ticks": ""
           }
          },
          "scene": {
           "xaxis": {
            "backgroundcolor": "#E5ECF6",
            "gridcolor": "white",
            "gridwidth": 2,
            "linecolor": "white",
            "showbackground": true,
            "ticks": "",
            "zerolinecolor": "white"
           },
           "yaxis": {
            "backgroundcolor": "#E5ECF6",
            "gridcolor": "white",
            "gridwidth": 2,
            "linecolor": "white",
            "showbackground": true,
            "ticks": "",
            "zerolinecolor": "white"
           },
           "zaxis": {
            "backgroundcolor": "#E5ECF6",
            "gridcolor": "white",
            "gridwidth": 2,
            "linecolor": "white",
            "showbackground": true,
            "ticks": "",
            "zerolinecolor": "white"
           }
          },
          "shapedefaults": {
           "line": {
            "color": "#2a3f5f"
           }
          },
          "ternary": {
           "aaxis": {
            "gridcolor": "white",
            "linecolor": "white",
            "ticks": ""
           },
           "baxis": {
            "gridcolor": "white",
            "linecolor": "white",
            "ticks": ""
           },
           "bgcolor": "#E5ECF6",
           "caxis": {
            "gridcolor": "white",
            "linecolor": "white",
            "ticks": ""
           }
          },
          "title": {
           "x": 0.05
          },
          "xaxis": {
           "automargin": true,
           "gridcolor": "white",
           "linecolor": "white",
           "ticks": "",
           "title": {
            "standoff": 15
           },
           "zerolinecolor": "white",
           "zerolinewidth": 2
          },
          "yaxis": {
           "automargin": true,
           "gridcolor": "white",
           "linecolor": "white",
           "ticks": "",
           "title": {
            "standoff": 15
           },
           "zerolinecolor": "white",
           "zerolinewidth": 2
          }
         }
        },
        "title": {
         "text": "Correlation Matrix"
        },
        "xaxis": {
         "anchor": "y",
         "constrain": "domain",
         "domain": [
          0,
          1
         ],
         "scaleanchor": "y"
        },
        "yaxis": {
         "anchor": "x",
         "autorange": "reversed",
         "constrain": "domain",
         "domain": [
          0,
          1
         ]
        }
       }
      }
     },
     "metadata": {},
     "output_type": "display_data"
    }
   ],
   "source": [
    "px.imshow(data_selection.corr(), x=data_selection.columns, y=data_selection.columns, color_continuous_scale='RdBu', title='Correlation Matrix', text_auto='.2f')"
   ]
  },
  {
   "cell_type": "code",
   "execution_count": 15,
   "metadata": {},
   "outputs": [
    {
     "data": {
      "application/vnd.plotly.v1+json": {
       "config": {
        "plotlyServerURL": "https://plot.ly"
       },
       "data": [
        {
         "coloraxis": "coloraxis",
         "hovertemplate": "x: %{x}<br>y: %{y}<br>color: %{z}<extra></extra>",
         "name": "0",
         "texttemplate": "%{z:.2f}",
         "type": "heatmap",
         "x": [
          "qf1",
          "qf2",
          "qa10_1",
          "qa10_2",
          "qa10_3",
          "qa10_6",
          "qd1a_3",
          "qd2_1",
          "qd2_2",
          "qg1"
         ],
         "xaxis": "x",
         "y": [
          "qf1",
          "qf2",
          "qa10_1",
          "qa10_2",
          "qa10_3",
          "qa10_6",
          "qd1a_3",
          "qd2_1",
          "qd2_2",
          "qg1"
         ],
         "yaxis": "y",
         "z": [
          [
           0.45686043880178906,
           0.3492466665534004,
           0.150974424111265,
           0.20910133812936454,
           0.20892790439806164,
           0.19708474329336428,
           0.2662471188265994,
           0.2887086048340609,
           0.1444218577090565,
           -0.05044723330669247
          ],
          [
           0.3492466665534004,
           0.6728134746326501,
           0.17191603419949789,
           0.22707902453677944,
           0.2287576208787142,
           0.21431916181598978,
           0.27602121789280637,
           0.3019018687714725,
           0.15413063674915484,
           -0.04336627918331409
          ],
          [
           0.150974424111265,
           0.17191603419949789,
           0.5386070223397894,
           0.31993609744339946,
           0.2898176999532909,
           0.3301324750035886,
           0.21042596405448122,
           0.18882223126112382,
           0.11169819410675982,
           -0.0011523955864045786
          ],
          [
           0.20910133812936454,
           0.22707902453677944,
           0.31993609744339946,
           0.5647542212386828,
           0.33853343841398936,
           0.33805819852168345,
           0.24655230250439106,
           0.23777225965299745,
           0.1364789493914844,
           -0.0257269616740739
          ],
          [
           0.20892790439806164,
           0.2287576208787142,
           0.2898176999532909,
           0.33853343841398936,
           0.606743241737905,
           0.3362026282547794,
           0.25201074728806605,
           0.24428981720502807,
           0.14475482781654614,
           -0.029511946214187585
          ],
          [
           0.19708474329336428,
           0.21431916181598978,
           0.3301324750035886,
           0.33805819852168345,
           0.3362026282547794,
           0.5840822708727972,
           0.2491629550006033,
           0.22506640168394004,
           0.12746009476964143,
           -0.01177353951844901
          ],
          [
           0.2662471188265994,
           0.27602121789280637,
           0.21042596405448122,
           0.24655230250439106,
           0.25201074728806605,
           0.2491629550006033,
           0.7866927748499718,
           0.49248201651501505,
           0.3056946452899303,
           -0.05071260426864276
          ],
          [
           0.2887086048340609,
           0.3019018687714725,
           0.18882223126112382,
           0.23777225965299745,
           0.24428981720502807,
           0.22506640168394004,
           0.49248201651501505,
           0.8017650235165721,
           0.3907467479969135,
           -0.06344100712393586
          ],
          [
           0.1444218577090565,
           0.15413063674915484,
           0.11169819410675982,
           0.1364789493914844,
           0.14475482781654614,
           0.12746009476964143,
           0.3056946452899303,
           0.3907467479969135,
           0.7307468576351792,
           -0.0543126468466469
          ],
          [
           -0.05044723330669247,
           -0.04336627918331409,
           -0.0011523955864045786,
           -0.0257269616740739,
           -0.029511946214187585,
           -0.01177353951844901,
           -0.05071260426864276,
           -0.06344100712393586,
           -0.0543126468466469,
           0.2478504166276035
          ]
         ]
        }
       ],
       "layout": {
        "coloraxis": {
         "colorscale": [
          [
           0,
           "rgb(103,0,31)"
          ],
          [
           0.1,
           "rgb(178,24,43)"
          ],
          [
           0.2,
           "rgb(214,96,77)"
          ],
          [
           0.3,
           "rgb(244,165,130)"
          ],
          [
           0.4,
           "rgb(253,219,199)"
          ],
          [
           0.5,
           "rgb(247,247,247)"
          ],
          [
           0.6,
           "rgb(209,229,240)"
          ],
          [
           0.7,
           "rgb(146,197,222)"
          ],
          [
           0.8,
           "rgb(67,147,195)"
          ],
          [
           0.9,
           "rgb(33,102,172)"
          ],
          [
           1,
           "rgb(5,48,97)"
          ]
         ]
        },
        "template": {
         "data": {
          "bar": [
           {
            "error_x": {
             "color": "#2a3f5f"
            },
            "error_y": {
             "color": "#2a3f5f"
            },
            "marker": {
             "line": {
              "color": "#E5ECF6",
              "width": 0.5
             },
             "pattern": {
              "fillmode": "overlay",
              "size": 10,
              "solidity": 0.2
             }
            },
            "type": "bar"
           }
          ],
          "barpolar": [
           {
            "marker": {
             "line": {
              "color": "#E5ECF6",
              "width": 0.5
             },
             "pattern": {
              "fillmode": "overlay",
              "size": 10,
              "solidity": 0.2
             }
            },
            "type": "barpolar"
           }
          ],
          "carpet": [
           {
            "aaxis": {
             "endlinecolor": "#2a3f5f",
             "gridcolor": "white",
             "linecolor": "white",
             "minorgridcolor": "white",
             "startlinecolor": "#2a3f5f"
            },
            "baxis": {
             "endlinecolor": "#2a3f5f",
             "gridcolor": "white",
             "linecolor": "white",
             "minorgridcolor": "white",
             "startlinecolor": "#2a3f5f"
            },
            "type": "carpet"
           }
          ],
          "choropleth": [
           {
            "colorbar": {
             "outlinewidth": 0,
             "ticks": ""
            },
            "type": "choropleth"
           }
          ],
          "contour": [
           {
            "colorbar": {
             "outlinewidth": 0,
             "ticks": ""
            },
            "colorscale": [
             [
              0,
              "#0d0887"
             ],
             [
              0.1111111111111111,
              "#46039f"
             ],
             [
              0.2222222222222222,
              "#7201a8"
             ],
             [
              0.3333333333333333,
              "#9c179e"
             ],
             [
              0.4444444444444444,
              "#bd3786"
             ],
             [
              0.5555555555555556,
              "#d8576b"
             ],
             [
              0.6666666666666666,
              "#ed7953"
             ],
             [
              0.7777777777777778,
              "#fb9f3a"
             ],
             [
              0.8888888888888888,
              "#fdca26"
             ],
             [
              1,
              "#f0f921"
             ]
            ],
            "type": "contour"
           }
          ],
          "contourcarpet": [
           {
            "colorbar": {
             "outlinewidth": 0,
             "ticks": ""
            },
            "type": "contourcarpet"
           }
          ],
          "heatmap": [
           {
            "colorbar": {
             "outlinewidth": 0,
             "ticks": ""
            },
            "colorscale": [
             [
              0,
              "#0d0887"
             ],
             [
              0.1111111111111111,
              "#46039f"
             ],
